0 0.49339062499999997 0.39566878980891723 0.49418749999999995 0.3886624203821656 0.497765625 0.3851592356687898 0.5007343750000001 0.38380042462845015 0.50153125 0.3851592356687898 0.504109375 0.38757961783439493 0.5055 0.3913588110403397 0.5056875 0.3943099787685775 0.5055 0.3975583864118896 0.504703125 0.3980891719745223 0.5066875 0.40025477707006374 0.5066875 0.4023991507430998 0.509859375 0.4056263269639066 0.5124375 0.41210191082802544 0.5124375 0.41532908704883226 0.5090625 0.41668789808917195 0.5070781249999999 0.41694267515923567 0.503515625 0.4180254777070063 0.500140625 0.4196390658174098 0.497171875 0.41991507430997876 0.49400000000000005 0.42072186836518044 0.49339062499999997 0.416135881104034 0.49339062499999997 0.41182590233545646 0.49359374999999994 0.40887473460721874 0.49439062500000003 0.4067091295116773 0.49439062500000003 0.4040127388535032 0.49339062499999997 0.40078556263269643 0.49320312499999996 0.39917197452229297
0 0.5290625 0.41038216560509555 0.52828125 0.4040764331210191 0.526734375 0.3985987261146497 0.52565625 0.39314225053078555 0.524875 0.3857749469214437 0.52565625 0.3767303609341826 0.5279843750000001 0.3691507430997877 0.5329375 0.3678768577494692 0.5368125 0.37104033970276007 0.53959375 0.38072186836518046 0.5394375 0.3853503184713376 0.541296875 0.39354564755838645 0.5428437500000001 0.39944798301486195 0.5451718750000001 0.4023991507430998 0.5451718750000001 0.40532908704883225 0.544546875 0.40849256900212316
0 0.4118125 0.44577494692144376 0.42834374999999997 0.4561783439490446 0.44003125 0.44796178343949045 0.44284375000000004 0.4386411889596603 0.4404375 0.42660297239915074 0.43801562499999996 0.4189384288747346 0.43478125 0.4167515923566879 0.433984375 0.40524416135881103 0.426734375 0.40031847133757964 0.418265625 0.4014012738853503 0.41584374999999996 0.41072186836518043 0.41584374999999996 0.4161995753715499 0.41624999999999995 0.423864118895966 0.41342187499999994 0.43645435244161357
0 0.60175 0.35698513800424625 0.598015625 0.3446284501061571 0.595328125 0.3387261146496815 0.593265625 0.3373248407643312 0.587890625 0.3387261146496815 0.5856250000000001 0.3466029723991507 0.58271875 0.3575371549893843 0.589125 0.3600849256900212 0.5940937500000001 0.3606369426751593 0.5996718750000001 0.35783439490445856
0 0.601328125 0.3935031847133758 0.605578125 0.3790870488322718 0.6042500000000001 0.3700849256900212 0.604515625 0.3632271762208068 0.604515625 0.3552866242038217 0.607703125 0.3498938428874735 0.613 0.3502547770700637 0.61671875 0.3574522292993631 0.617515625 0.3700849256900212 0.62546875 0.3790870488322718 0.6225625 0.38774946921443737 0.602125 0.3935031847133758
0 0.627484375 0.37929936305732487 0.629359375 0.36656050955414016 0.631546875 0.36356687898089174 0.633109375 0.3597452229299363 0.6321718749999999 0.35337579617834397 0.635609375 0.3470063694267516 0.64 0.3448832271762208 0.6434375 0.34658174097664546 0.6446875000000001 0.35762208067940554 0.6509375000000001 0.3678343949044586 0.6496875 0.3780254777070064 0.6415625 0.3801486199575372 0.629359375 0.385244161358811
0 0.67196875 0.37121019108280257 0.652328125 0.37445859872611464 0.65153125 0.36762208067940555 0.6541875 0.3578768577494692 0.6520625 0.3467091295116773 0.653921875 0.3373248407643312 0.657375 0.3330148619957537 0.661359375 0.33193205944798304 0.6639999999999999 0.33443736730360935 0.6647968750000001 0.34165605095541396 0.666125 0.3488747346072187 0.67090625 0.3560721868365181 0.673296875 0.3654564755838641
0 0.545625 0.3535456475583864 0.549109375 0.35762208067940554 0.542375 0.36401273885350316 0.5471874999999999 0.3623779193205945 0.5503125 0.36401273885350316 0.54971875 0.3680891719745223 0.552734375 0.37333333333333335 0.554296875 0.3685987261146497 0.562828125 0.3577282377919321 0.5740937500000001 0.3575796178343949 0.575265625 0.359447983014862 0.5783437499999999 0.3574309978768577 0.577171875 0.3543949044585987 0.5690937500000001 0.34732484076433123 0.5693125 0.34140127388535035 0.5681406250000001 0.3388110403397028 0.5635625 0.33764331210191084 0.558390625 0.34552016985138007 0.559109375 0.3514225053078556 0.550078125 0.3474946921443737 0.545625 0.3535456475583864
0 0.3994375 0.39010615711252655 0.404875 0.38985138004246284 0.40750000000000003 0.3950955414012739 0.406625 0.40388535031847134 0.407140625 0.4107855626326964 0.410125 0.4160297239915074 0.410640625 0.4214861995753716 0.40031249999999996 0.42743099787685773
0 0.72546875 0.3392144373673036 0.72415625 0.3160297239915074 0.72809375 0.31692144373673037 0.7307187500000001 0.3246496815286624 0.731375 0.3308917197452229 0.7326875 0.3371337579617834 0.733125 0.342484076433121 0.7263437500000001 0.3418895966029724
0 0.67996875 0.3685987261146497 0.67896875 0.3495753715498939 0.680296875 0.33961783439490445 0.6852968749999999 0.3359872611464968 0.690625 0.33690021231422507 0.69096875 0.3509341825902335 0.68896875 0.35318471337579616 0.69296875 0.3626963906581741 0.6926249999999999 0.3658811040339703
0 0.44929687500000004 0.4284288747346072 0.44857812499999994 0.4177282377919321 0.4488125 0.41350318471337577 0.45335937499999995 0.406348195329087 0.45287499999999997 0.39987261146496816 0.45287499999999997 0.39628450106157115 0.454078125 0.3927176220806794 0.45575 0.39208067940552016 0.457421875 0.3917409766454352 0.46195312499999996 0.3904458598726115 0.46554687499999997 0.39208067940552016 0.4679375 0.39662420382165603 0.46984375 0.40050955414012734 0.46984375 0.4076645435244161 0.47270312499999995 0.4115498938428875 0.47629687499999995 0.41641188959660297 0.47964062500000004 0.42 0.47796874999999994 0.42388535031847135 0.474140625 0.4264968152866242 0.46935937499999997 0.42713375796178343
0 0.6953125 0.18152866242038215 0.028125 0.036093418259023353