0 0.31034375000000003 0.3781176470588235 0.31096875 0.4061882352941176 0.3345625 0.4314352941176471 0.3153125 0.4492235294117647 0.305375 0.5119058823529412 0.307859375 0.5343529411764706 0.31656249999999997 0.5764470588235294 0.32525 0.6307058823529412 0.3146875 0.6419294117647059 0.3115859375 0.6582941176470588 0.31419687500000004 0.6691058823529412 0.307859375 0.6767764705882353 0.3137986111111111 0.683718954248366 0.3988263888888889 0.828681045751634 0.36438541666666663 0.8742117647058822 0.3370625 0.9060235294117647 0.34203125 0.9181882352941176 0.37184375 0.9125647058823528 0.37649609375 0.8718705882352941 0.3712161458333333 0.8662588235294116 0.394203125 0.842713725490196 0.399171875 0.8283764705882353 0.4184375 0.8611058823529413 0.4265 0.8891764705882352 0.43520312499999997 0.9116235294117647 0.461921875 0.9181882352941176 0.47806249999999995 0.9060235294117647 0.45259375 0.7675764705882353 0.3516138392857143 0.6217109243697478 0.38178125 0.5799294117647059 0.41221874999999997 0.5443764705882354 0.42837500000000006 0.5565411764705882 0.44265625000000003 0.5602823529411765 0.45384375 0.5537411764705883 0.45321875 0.5359764705882353 0.461921875 0.5406352941176471 0.46253124999999995 0.5303529411764706 0.44948437500000005 0.5088470588235294 0.44142187499999996 0.48496470588235296 0.439546875 0.4466117647058824 0.42526562500000004 0.4363058823529412 0.4078697916666667 0.4288235294117647 0.405390625 0.4213411764705882 0.44079687500000003 0.3820705882352941 0.450734375 0.3558588235294118 0.44948437500000005 0.33341176470588235 0.434578125 0.3091058823529412 0.41159375000000004 0.29694117647058826 0.389859375 0.2576470588235294 0.36128125 0.2567058823529412 0.35196875 0.26701176470588234 0.3364375 0.3208235294117647 0.32153125 0.3423294117647059 0.31034375000000003 0.3781176470588235
0 0.113375 0.29294117647058826 0.113375 0.29649411764705885 0.11071875 0.2996 0.10570312500000001 0.3129411764705882 0.10600000000000001 0.3196235294117647 0.11101562499999999 0.3285176470588235 0.1113125 0.3423058823529411 0.11160937500000001 0.3605411764705882 0.114265625 0.3654352941176471 0.11485937500000001 0.3605411764705882 0.11456249999999998 0.34541176470588236 0.11721875 0.34541176470588236 0.11781250000000001 0.3458588235294118 0.118109375 0.3681176470588235 0.12342187499999999 0.3676705882352941 0.122828125 0.3436470588235294 0.123125 0.3285176470588235 0.12696875000000002 0.3245176470588235 0.12875 0.31428235294117646 0.125203125 0.3089411764705883 0.124015625 0.29649411764705885 0.1210625 0.29470588235294115 0.119296875 0.29204705882352944
0 0.307875 0.3101647058823529 0.307203125 0.32839999999999997 0.30874999999999997 0.33338823529411765 0.30809375 0.34101176470588235 0.305234375 0.3433411764705882 0.311609375 0.3433411764705882 0.3120625 0.31745882352941174 0.311609375 0.3075058823529412 0.311390625 0.30054117647058826 0.309640625 0.2992235294117647 0.306984375 0.31049411764705886
0 0.580515625 0.336 0.581359375 0.3276235294117647 0.587359375 0.32503529411764703 0.589515625 0.33536470588235295 0.5869375 0.34181176470588237 0.581359375 0.3411764705882353
0 0.52646875 0.3366823529411765 0.531875 0.33021176470588237 0.5360625 0.33743529411764706 0.530765625 0.3381647058823529
0 0.5527656249999999 0.6079529411764706 0.565578125 0.6138823529411764 0.591171875 0.6094352941176471 0.594125 0.5960941176470589 0.606921875 0.5946117647058824 0.62365625 0.5812470588235294 0.6305468750000001 0.5619764705882353 0.640390625 0.5441882352941176 0.6531875 0.5412235294117648 0.673875 0.5708705882352941 0.666984375 0.5916470588235294 0.6600937499999999 0.6153647058823529 0.64728125 0.6153647058823529 0.6620625 0.6272235294117647 0.6620625 0.6420470588235294 0.6453125 0.6509411764705881 0.622671875 0.6539058823529412 0.58034375 0.6524235294117646 0.57246875 0.6494588235294118 0.565578125 0.6420470588235294 0.537015625 0.6450117647058824
0 0.7163125 0.38018823529411766 0.706984375 0.37927058823529414 0.70596875 0.35119999999999996 0.702734375 0.3423529411764706 0.70496875 0.33440000000000003 0.70840625 0.3319764705882353 0.7096250000000001 0.3228 0.7126718750000001 0.32157647058823524 0.715296875 0.3273882352941176 0.717734375 0.3322823529411765 0.724421875 0.3383764705882353 0.7248281249999999 0.3478352941176471 0.72503125 0.3695058823529412 0.7230000000000001 0.3688941176470588 0.7221875 0.36463529411764706 0.721171875 0.3447764705882353 0.71875 0.3432705882352941 0.718546875 0.3795764705882353
0 0.687484375 0.3805411764705882 0.692171875 0.3745176470588235 0.6935625 0.36981176470588234 0.6904375 0.3692941176470588 0.6900937500000001 0.3645882352941176 0.695296875 0.3643294117647059 0.6975625 0.3504705882352941 0.6973906249999999 0.3481176470588235 0.692875 0.34105882352941175 0.6944375 0.3348 0.698765625 0.33348235294117645 0.701546875 0.34054117647058824 0.701546875 0.34421176470588233 0.7046718750000001 0.3486588235294118 0.7051875 0.35362352941176467 0.703453125 0.3669411764705882 0.70415625 0.3857647058823529 0.6972031249999999 0.38341176470588234 0.69253125 0.3852470588235294 0.68696875 0.38392941176470585
0 0.173609375 0.33355294117647055 0.174625 0.32891764705882354 0.17565625 0.3078352941176471 0.1804375 0.3088705882352941 0.183859375 0.318635294117647 0.18487499999999998 0.33150588235294115 0.179078125 0.33355294117647055
0 0.2876875 0.33861176470588233 0.28946875 0.3271058823529412 0.29481250000000003 0.3228941176470588 0.297359375 0.3274823529411765 0.298375 0.3336235294117647 0.3055 0.33440000000000003 0.30525 0.3420705882352941 0.28845312500000003 0.3401411764705882
0 0.637703125 0.3375529411764706 0.6389375 0.3297411764705882 0.6387343750000001 0.3250588235294118 0.636453125 0.32475294117647063 0.633765625 0.3344235294117647 0.635 0.3381882352941176