0 0.47938967136150235 0.6427031249999999 0.48615023474178404 0.559546875 0.48276995305164316 0.539328125 0.48276995305164316 0.51909375 0.5131690140845071 0.503375 0.5840610328638498 0.49214062500000005 0.6245774647887323 0.48539062499999996 0.6583333333333333 0.467421875 0.6481924882629108 0.442703125 0.5705633802816902 0.43820312499999997 0.5536854460093897 0.440453125 0.519906103286385 0.440453125 0.46927230046948354 0.413484375 0.4591549295774648 0.39775 0.4490140845070423 0.37753125 0.42875586854460096 0.366296875 0.4051173708920188 0.388765625 0.3578638497652582 0.561796875 0.3578638497652582 0.568546875 0.35448356807511733 0.608984375 0.422018779342723 0.62021875 0.46927230046948354 0.633703125
0 0.6052112676056338 0.352609375 0.5993661971830986 0.359734375 0.5993661971830986 0.36621875 0.6042488262910799 0.3720625 0.595469483568075 0.375953125 0.5857276995305165 0.37984375 0.5682159624413146 0.388265625 0.5526291079812207 0.38371875 0.5457981220657276 0.38371875 0.5380046948356807 0.385671875 0.5234037558685446 0.392796875 0.5370422535211268 0.39215625 0.5535915492957747 0.392796875 0.5760093896713615 0.392796875 0.6071596244131455 0.38890625 0.6207981220657276 0.39928125 0.6169014084507043 0.40317187499999996 0.6558685446009389 0.40253125 0.6675352112676056 0.40253125 0.6694835680751173 0.401875 0.6675352112676056 0.393453125 0.6646244131455399 0.37984375 0.6548826291079812 0.373359375 0.6500234741784038 0.3720625 0.6392957746478872 0.370109375 0.6344366197183098 0.370109375 0.6305399061032864 0.36428125 0.6305399061032864 0.35909375 0.6266431924882628 0.352609375 0.6237089201877934 0.350671875 0.6149530516431926 0.350671875 0.6061971830985916 0.350671875 0.6042488262910799 0.3513125
0 0.8642018779342723 0.374265625 0.864718309859155 0.36559375 0.8657511737089202 0.35728125 0.8699295774647887 0.35139062499999996 0.875657276995305 0.348609375 0.8787793427230047 0.3461875 0.8787793427230047 0.34168750000000003 0.8803286384976525 0.336484375 0.8845070422535212 0.333359375 0.8933568075117371 0.333359375 0.9011737089201878 0.33509375 0.9016901408450705 0.33821875 0.9016901408450705 0.34271875 0.9016901408450705 0.34721875 0.895962441314554 0.35 0.8928403755868545 0.352765625 0.8923004694835681 0.356578125 0.8938732394366198 0.36143749999999997 0.894906103286385 0.36559375 0.8943896713615024 0.36871875 0.8943896713615024 0.371140625 0.895962441314554 0.3735625 0.8954460093896713 0.374953125 0.8876291079812206 0.375640625 0.8787793427230047 0.37703125000000004 0.8709624413145539 0.37703125000000004 0.8667840375586855 0.3766875
0 0.46286384976525824 0.341890625 0.4633098591549296 0.32937500000000003 0.45826291079812204 0.323265625 0.4550704225352113 0.322359375 0.45734741784037564 0.31442187499999996 0.45551643192488267 0.30984375000000003 0.44450704225352117 0.307703125 0.43809859154929576 0.31320312499999997 0.43854460093896713 0.318078125 0.4426760563380282 0.32265625 0.4403755868544601 0.32601562500000003 0.43671361502347417 0.33090625 0.4344131455399061 0.335484375 0.4289201877934272 0.337625 0.40781690140845067 0.336703125 0.40737089201877935 0.33975 0.42021126760563376 0.340359375 0.43854460093896713 0.340359375 0.4458920187793427 0.3400625 0.45598591549295775 0.34249999999999997 0.46011737089201876 0.342203125
0 0.11676056338028169 0.47603125 0.12410798122065728 0.51125 0.12410798122065728 0.52103125 0.1608450704225352 0.5308125 0.1931924882629108 0.46429687499999994 0.1858450704225352 0.45745312499999996 0.17995305164319247 0.438859375 0.177018779342723 0.42615625 0.16673708920187794 0.419296875 0.13880281690140844 0.419296875 0.1329342723004695 0.42712500000000003 0.12852112676056338 0.4359375 0.12852112676056338 0.444734375 0.12704225352112675 0.4525625 0.11234741784037558 0.45353125 0.10061032863849766 0.46135937499999996 0.11089201877934272 0.46820312499999994
0 0.37938967136150237 0.321484375 0.3978403755868544 0.320796875 0.4001408450704226 0.317734375 0.4001408450704226 0.3138125 0.3973239436619718 0.31040625 0.3924647887323944 0.3100625 0.38758215962441317 0.312109375 0.3842488262910798 0.31960937500000003
0 0.6453521126760564 0.289328125 0.6456103286384975 0.287359375 0.6456103286384975 0.284890625 0.6478169014084507 0.28112499999999996 0.650281690140845 0.280296875 0.6552347417840375 0.280796875 0.6579342723004694 0.281609375 0.6614084507042254 0.284234375 0.6601643192488263 0.28834375 0.6601643192488263 0.29065625 0.6596713615023474 0.29081250000000003 0.6532629107981222 0.29146875 0.6421361502347418 0.29098437499999996
0 0.7985680751173709 0.276234375 0.7839671361502348 0.275640625 0.7832863849765258 0.271 0.785093896713615 0.270109375 0.7826291079812207 0.266828125 0.7859859154929577 0.263984375 0.7880046948356807 0.26382812499999997 0.7922769953051643 0.265171875 0.7922769953051643 0.268015625 0.7988028169014085 0.27265625 0.8003521126760563 0.276390625
0 0.43518779342723 0.249953125 0.4401173708920188 0.24337499999999998 0.439131455399061 0.2385625 0.44406103286384974 0.23703124999999997 0.447018779342723 0.24075000000000002 0.447018779342723 0.24271875 0.45096244131455404 0.24710937500000002 0.45129107981220656 0.24885937500000002 0.4342018779342723 0.251265625
0 0.5887089201877934 0.269265625 0.6007276995305164 0.26715625 0.6010328638497653 0.26421875 0.5994600938967136 0.26168749999999996 0.5934507042253521 0.262109375 0.5896478873239437 0.26632812499999997 0.5855399061032864 0.269265625
0 0.10237089201877934 0.392140625 0.10042253521126761 0.38840625 0.11525821596244132 0.37815625 0.1315023474178404 0.37721875 0.14636150234741785 0.379828125 0.16007042253521125 0.382078125 0.17800469483568074 0.38487499999999997 0.1908920187793427 0.38654687499999996 0.1936854460093897 0.38542187499999997 0.1936854460093897 0.381328125 0.19173708920187796 0.37498437500000004 0.19396713615023473 0.3721875 0.20490610328638498 0.36901562499999996 0.20967136150234741 0.368640625 0.21497652582159624 0.370140625 0.22086854460093897 0.3721875 0.227018779342723 0.37498437500000004 0.22870892018779343 0.37796875 0.22758215962441314 0.3835625 0.22338028169014085 0.387671875 0.22086854460093897 0.39045312499999996 0.21917840375586856 0.3949375 0.2225586854460094 0.40015625000000005 0.2236619718309859 0.40257812499999995 0.21553990610328638 0.404078125 0.19816901408450704 0.403328125 0.19145539906103287 0.40034375000000005 0.1740845070422535 0.39773437500000003 0.1396244131455399 0.3953125 0.11889671361502348 0.3949375 0.10685446009389672 0.39270312500000004
0 0.6981924882629108 0.27165625000000004 0.6965962441314554 0.269890625 0.6987089201877934 0.268484375 0.7034741784037559 0.268140625 0.7066431924882628 0.27025 0.7050469483568076 0.272359375