0 0.1725625 0.6956666666666667 0.17278125 0.6930625 0.173640625 0.69075 0.1733125 0.6838125 0.17278125 0.6777291666666667 0.17309375 0.6728124999999999 0.174078125 0.6707708333333334 0.174953125 0.6688958333333334 0.17721875 0.6686041666666667 0.178640625 0.6686041666666667 0.180484375 0.6694791666666667 0.18070312500000002 0.6710625 0.181234375 0.6720833333333334 0.1824375 0.6726666666666666 0.182546875 0.6728124999999999 0.18351562500000002 0.6743958333333333 0.183953125 0.6791666666666667 0.18362499999999998 0.6893125 0.183203125 0.6923541666666666 0.18309375 0.6951041666666666 0.182765625 0.6974166666666667 0.181453125 0.7010208333333333 0.1808125 0.7023333333333334 0.1808125 0.7071041666666668 0.181140625 0.7089791666666667 0.177875 0.7096041666666667 0.176140625 0.706375 0.175265625 0.7037708333333333 0.174515625 0.7026249999999999 0.173421875 0.7033333333333334 0.172234375 0.7020416666666667 0.172015625 0.6982708333333334
0 0.044421875 0.6642083333333333 0.047859374999999996 0.665125 0.04946875 0.6672708333333334 0.051531249999999994 0.6715625000000001 0.05771875 0.6880833333333333 0.05771875 0.6920625 0.0568125 0.6969583333333333 0.0568125 0.6997083333333334 0.05496875 0.7042916666666666 0.05475 0.7122499999999999 0.054515625 0.715 0.0496875 0.7143958333333333 0.04625 0.7119375 0.042125 0.7079583333333334 0.042812499999999996 0.703375 0.044875 0.7018541666666667 0.0435 0.6991041666666666 0.043734375 0.69725 0.04096875 0.6993958333333333 0.039375 0.6981666666666667 0.03753125 0.6991041666666666 0.03615625 0.6993958333333333 0.037765625000000004 0.6960416666666667 0.041890625 0.6902291666666667 0.043046875 0.6886875 0.043265625 0.6782916666666666 0.043265625 0.67675 0.041203125 0.6721666666666667 0.042359375 0.6663541666666667 0.044187500000000005 0.6636041666666667
0 0.016046875 0.689375 0.014015625 0.683375 0.014828125000000001 0.6757500000000001 0.015234375 0.6708333333333333 0.016468749999999997 0.6664791666666667 0.016468749999999997 0.6632083333333333 0.01809375 0.662125 0.019734375000000002 0.662125 0.02340625 0.6648333333333334 0.023 0.6708333333333333 0.023 0.6735625 0.023 0.6757500000000001 0.024234375 0.6948333333333333 0.021374999999999998 0.713375 0.014828125000000001 0.7111875
0 0.81528125 0.6993125 0.824421875 0.6977708333333333 0.8192812500000001 0.6855833333333333 0.81528125 0.6779583333333333 0.80784375 0.6794791666666666 0.8095625 0.6947291666666667 0.81584375 0.6985416666666667
0 0.966171875 0.7003333333333334 0.966171875 0.6873958333333333 0.9713906250000001 0.6811041666666667 0.9691562499999999 0.6784583333333334 0.970390625 0.6718125 0.9748749999999999 0.6728124999999999 0.9771093750000001 0.6801041666666666 0.9778593750000001 0.6857500000000001 0.9776093749999999 0.6903958333333333 0.9771093750000001 0.6966875 0.976609375 0.6996875 0.9728749999999999 0.702 0.970140625 0.7016666666666667
0 0.516078125 0.6787916666666667 0.51428125 0.6786041666666667 0.514140625 0.6736041666666667 0.512328125 0.6702708333333334 0.512609375 0.6673125 0.514 0.6645208333333333 0.514 0.6628541666666667 0.51496875 0.6619375000000001 0.5159374999999999 0.6636041666666667 0.5165 0.6654583333333334 0.516640625 0.6786041666666667
0 0.581703125 0.6734583333333333 0.5838125 0.6720416666666666 0.58403125 0.674875 0.584453125 0.677125 0.582546875 0.6833333333333333 0.5827656250000001 0.6869999999999999 0.58403125 0.6940624999999999 0.58296875 0.6943333333333332 0.58128125 0.6867291666666666 0.5814843749999999 0.6816458333333333 0.5814843749999999 0.6768541666666666
0 0.730484375 0.6785833333333334 0.72934375 0.6779583333333333 0.729125 0.6700208333333334 0.7284375 0.666375 0.72775 0.6621041666666667 0.730484375 0.6608750000000001 0.73278125 0.6621041666666667 0.733234375 0.6700208333333334 0.733703125 0.6761458333333333 0.733015625 0.6782708333333333
0 0.7028125000000001 0.6771666666666667 0.6976718749999999 0.6693541666666667 0.699140625 0.6576041666666667 0.711609375 0.6703333333333333 0.7086718750000001 0.6752083333333334
0 0.740609375 0.7142499999999999 0.738515625 0.6902916666666666 0.7445 0.6837916666666667 0.74784375 0.6852708333333334 0.7505 0.6927083333333334 0.747296875 0.7151875000000001
0 0.619953125 0.7152499999999999 0.6196875000000001 0.6993958333333333 0.61428125 0.6965 0.615625 0.6914583333333333 0.617796875 0.6792083333333333 0.619140625 0.674875 0.615625 0.6683749999999999 0.618875 0.6640625 0.6232031250000001 0.6644166666666667 0.631046875 0.6806458333333333 0.628609375 0.6993958333333333 0.6296875 0.7159791666666667
0 0.803703125 0.667 0.802421875 0.6676249999999999 0.801765625 0.6706458333333334 0.8008124999999999 0.6721458333333333 0.798234375 0.6725833333333333 0.7956562500000001 0.6753750000000001 0.794359375 0.6803125 0.79453125 0.6854583333333333 0.794359375 0.6968333333333334 0.7991875 0.6966249999999999 0.8004843749999999 0.69125 0.8004843749999999 0.68375 0.802734375 0.6850208333333333 0.8041874999999999 0.681375 0.8059531249999999 0.6747291666666667 0.8053125 0.673 0.8041874999999999 0.6712916666666667 0.803859375 0.6672083333333333
0 0.582203125 0.6917291666666666 0.582203125 0.6889583333333333 0.582203125 0.6858541666666667 0.582203125 0.6839999999999999 0.5819687499999999 0.6812083333333334 0.5819687499999999 0.6784374999999999 0.5819687499999999 0.6759583333333333 0.5815 0.6734791666666666 0.5808125000000001 0.671625 0.580578125 0.671625 0.578953125 0.6710208333333333 0.57803125 0.672875 0.577796875 0.6759583333333333 0.577796875 0.6768958333333334 0.576640625 0.678125 0.57525 0.6821458333333333 0.57525 0.6836875 0.574546875 0.6880208333333333 0.574078125 0.6895625 0.5743125 0.6969791666666667 0.574546875 0.6979166666666666 0.57546875 0.7000833333333334 0.576640625 0.7003958333333333 0.578484375 0.6997708333333333 0.5801093749999999 0.6969791666666667 0.580578125 0.6948333333333333
0 0.89140625 0.6791666666666667 0.0203125 0.0375