0 0.39931764705882355 0.42262500000000003 0.2504235294117647 0.501265625 0.19628235294117646 0.49003125000000003 0.2605647058823529 0.44284375000000004 0.3925411764705883 0.379921875 0.38578823529411765 0.310265625 0.5245176470588235 0.29453125 0.7275529411764705 0.308015625 0.9069176470588235 0.40239062499999995 0.9001411764705882 0.42935937500000004 0.7275529411764705 0.361953125 0.6429647058823529 0.355203125 0.6666588235294117 0.43385937500000005 0.6395764705882353 0.528234375 0.6057411764705882 0.555203125 0.5279058823529412 0.5664374999999999 0.48051764705882355 0.505765625 0.44329411764705884 0.41587500000000005 0.3925411764705883 0.43385937500000005
0 0.6261882352941176 0.8297812499999999 0.6232705882352941 0.8575312500000001 0.6261882352941176 0.864625 0.6271529411764707 0.8781718749999999 0.6242352941176471 0.889796875 0.6271529411764707 0.893015625 0.6349176470588235 0.9420624999999999 0.6495058823529413 0.9504531249999999 0.6504705882352941 0.9575625000000001 0.657113725490196 0.9616432291666666 0.6533882352941176 0.969171875 0.6543764705882353 1 0.6786588235294118 0.9994999999999999 0.6844941176470589 0.9936875000000001 0.6893411764705883 0.998859375 0.7019764705882352 0.9994999999999999 0.7048941176470588 0.998859375 0.7068392156862744 0.9790677083333333 0.6971294117647058 0.969171875 0.7078117647058824 0.969171875 0.6927529411764706 0.95465625 0.6971294117647058 0.949171875 0.7068470588235295 0.9536875 0.7000470588235294 0.9394843749999999 0.7107294117647059 0.8968906249999999 0.7078117647058824 0.8807656250000001 0.7146117647058823 0.874953125 0.7018196078431372 0.8712994791666666 0.7092705882352941 0.8562421875 0.7233647058823529 0.8614062499999999 0.7282117647058823 0.8568906249999999 0.7223999999999999 0.8472031250000001 0.7223999999999999 0.8413906250000001 0.7167215686274511 0.8411848958333333 0.7214117647058824 0.834296875 0.6261882352941176 0.8297812499999999
0 0.3305882352941176 0.861203125 0.332235294117647 0.85465625 0.33552941176470585 0.84590625 0.3421176470588235 0.840453125 0.3396470588235294 0.831703125 0.3807764705882353 0.8306093750000001 0.3964235294117647 0.83990625 0.3980705882352941 0.8508281249999999 0.39889411764705884 0.860125 0.36268235294117646 0.86175
0 0.17642352941176473 0.8594062499999999 0.17418823529411764 0.85625 0.17223529411764707 0.85309375 0.1719529411764706 0.8497656250000001 0.1711294117647059 0.84809375 0.16917647058823532 0.8464218750000001 0.17141176470588235 0.8427187500000001 0.17503529411764707 0.8397500000000001 0.17976470588235297 0.838453125 0.1839529411764706 0.83771875 0.1892705882352941 0.83790625 0.19512941176470588 0.838640625 0.19957647058823527 0.842359375 0.20181176470588236 0.845125 0.20404705882352941 0.84828125 0.2048941176470588 0.85384375 0.20545882352941175 0.8564375 0.20879999999999999 0.8560625 0.2124235294117647 0.857546875 0.21661176470588236 0.859765625 0.21884705882352942 0.860328125
0 0.30515294117647057 0.8471562499999999 0.3073176470588236 0.83346875 0.3203529411764706 0.83165625 0.33990588235294117 0.839234375 0.33392941176470586 0.8518437499999999 0.3295764705882353 0.8637499999999999 0.3214352941176471 0.8619375 0.3203529411764706 0.85725 0.3089411764705883 0.8518437499999999 0.3056941176470588 0.8496874999999999 0.30298823529411767 0.84571875
0 0.43670588235294117 0.831421875 0.4328705882352941 0.8407500000000001 0.42903529411764707 0.8454062499999999 0.4430823529411765 0.8483750000000001 0.4507294117647059 0.85515625 0.45392941176470586 0.8623593749999999 0.45583529411764706 0.8759218750000001 0.4494588235294118 0.8852499999999999 0.4430823529411765 0.886953125 0.4309647058823529 0.8856718750000001 0.43030588235294115 0.87634375 0.4188235294117647 0.863640625 0.4079764705882353 0.861515625 0.4035058823529412 0.86109375 0.402235294117647 0.8543125 0.402235294117647 0.8483750000000001 0.4035058823529412 0.8424375 0.40541176470588236 0.84159375 0.39776470588235296 0.833109375 0.4060705882352941 0.8305781250000001 0.43607058823529415 0.831421875
0 0.1448235294117647 0.8447812499999999 0.1375294117647059 0.8842343749999999 0.1652470588235294 0.86340625 0.16924705882352942 0.8600312499999999 0.1681411764705882 0.85590625 0.1659764705882353 0.852515625 0.16414117647058823 0.8488906249999999 0.1568470588235294 0.8447812499999999 0.15065882352941176 0.843328125 0.1459294117647059 0.8430781250000001
0 0.06141176470588235 0.856640625 0.06569411764705883 0.8534062499999999 0.06981176470588235 0.8517812499999999 0.0748470588235294 0.851375 0.08230588235294117 0.851375 0.08080000000000001 0.8596875 0.07896470588235295 0.86403125 0.07696470588235295 0.8670781249999999 0.07515294117647059 0.870515625 0.07392941176470588 0.874171875 0.07468235294117646 0.871234375 0.06889411764705883 0.86353125 0.06110588235294118 0.85725
0 0.4345882352941176 0.8398749999999999 0.43976470588235295 0.8320000000000001 0.46348235294117646 0.832984375 0.46348235294117646 0.8442968750000001 0.4938823529411765 0.8664531249999999 0.5057176470588235 0.8787499999999999 0.46571764705882357 0.9023749999999999 0.46348235294117646 0.9387968750000001 0.4642352941176471 0.9761875 0.45607058823529417 0.95846875 0.4516235294117647 0.942234375 0.45310588235294114 0.9132031250000001 0.444964705882353 0.9132031250000001 0.44348235294117644 0.895484375 0.44348235294117644 0.8905625 0.45014117647058827 0.8826875 0.45385882352941176 0.8694062499999999 0.45237647058823527 0.8526718750000001 0.4479294117647059 0.846765625 0.4345882352941176 0.8442968750000001 0.43607058823529415 0.8393750000000001
0 0.049341176470588236 0.9036406250000001 0.03823529411764706 0.93559375 0.034541176470588235 0.95525 0.0030823529411764705 0.9564843749999999 0.008635294117647059 0.92453125 0.01604705882352941 0.9011875 0.0068000000000000005 0.8913593750000001 0.01604705882352941 0.880296875 0.0364 0.887671875 0.04009411764705882 0.8987343750000001
0 0.2549411764705882 0.861015625 0.25938823529411764 0.855890625 0.26976470588235296 0.8515625 0.26383529411764706 0.8436718750000001 0.2588 0.833421875 0.25731764705882354 0.831453125 0.2929176470588235 0.830859375 0.29056470588235295 0.8397343749999999 0.3024235294117647 0.8466250000000001 0.31134117647058823 0.85096875 0.32230588235294116 0.8568749999999999 0.32230588235294116 0.8614218749999999