0 0.3494613583138173 0.20725 0.3428103044496487 0.18353124999999998 0.3425292740046838 0.175 0.34641686182669784 0.17240625 0.34641686182669784 0.168703125 0.34779859484777514 0.166484375 0.3511241217798595 0.16778125 0.35557377049180333 0.17353125 0.35946135831381737 0.177234375 0.35946135831381737 0.18131250000000002 0.35974238875878223 0.20456249999999998 0.36002341920374703 0.209203125 0.3494613583138173 0.209015625
0 0.3086182669789227 0.20393750000000002 0.3094379391100702 0.18262499999999998 0.3168149882903981 0.1804375 0.32173302107728335 0.17879687500000002 0.3290866510538642 0.17715625 0.3315456674473068 0.1804375 0.3315456674473068 0.185359375 0.33072599531615926 0.199015625 0.33072599531615926 0.20775000000000002 0.32990632318501173 0.209390625 0.32662763466042155 0.209390625 0.31763466042154564 0.20884375 0.31517564402810305 0.20884375 0.31763466042154564 0.20503125
0 0.12126463700234193 0.184953125 0.12126463700234193 0.18103125 0.12311475409836066 0.17906249999999999 0.12311475409836066 0.17906249999999999 0.12374707259953162 0.177828125 0.1262295081967213 0.177203125 0.12901639344262295 0.1773125 0.13241217798594848 0.177828125 0.13597189695550352 0.180515625 0.13892271662763467 0.1838125 0.13859484777517564 0.18546875000000002 0.1300936768149883 0.185671875 0.12173302107728337 0.185265625
0 0.1350351288056206 0.17884375 0.13613583138173302 0.17653125 0.1377751756440281 0.175671875 0.1405152224824356 0.175671875 0.1417798594847775 0.17775000000000002 0.14524590163934428 0.1799375 0.14707259953161592 0.18260937500000002 0.14653395784543324 0.182984375 0.14798594847775176 0.185421875 0.14323185011709602 0.186390625 0.14269320843091335 0.18553124999999998 0.13995316159250584 0.186265625 0.1366744730679157 0.186640625 0.13613583138173302 0.1843125 0.1366744730679157 0.182984375 0.13629976580796255 0.181890625 0.13484777517564403 0.180296875
0 0.10409836065573772 0.14654687500000002 0.10304449648711944 0.148734375 0.10227166276346604 0.150140625 0.10252927400468384 0.15171874999999999 0.10278688524590164 0.153296875 0.10292740046838408 0.15496875000000002 0.10304449648711944 0.156453125 0.10437939110070257 0.156890625 0.10540983606557376 0.156890625 0.10777517564402811 0.156796875 0.11002341920374707 0.156890625 0.11290398126463701 0.15725 0.11355971896955504 0.15725 0.11381733021077284 0.156546875 0.11224824355971896 0.15426562500000002 0.11213114754098362 0.153125 0.11107728337236535 0.1511875 0.1094847775175644 0.14996875 0.10831381733021077 0.14803125 0.10594847775175645 0.14751562499999998
0 0.47466042154566745 0.184421875 0.4731147540983607 0.173328125 0.47285714285714286 0.167703125 0.4682669789227166 0.164796875 0.46749414519906324 0.163609375 0.46749414519906324 0.16225 0.4682669789227166 0.159515625 0.4687822014051522 0.15865625 0.47004683840749417 0.1596875 0.47056206088992975 0.163953125 0.4725995316159251 0.163953125 0.473887587822014 0.163953125 0.47440281030444964 0.16275 0.4741451990632319 0.16104687499999998 0.4761826697892272 0.160546875 0.47747072599531615 0.160546875 0.47873536299765806 0.160703125 0.47925058548009364 0.16207812500000002 0.47925058548009364 0.163265625 0.481288056206089 0.164625 0.482576112412178 0.16565625 0.4820608899297424 0.169234375 0.48334894613583135 0.174515625 0.48386416861826703 0.17690625 0.48360655737704916 0.181171875 0.4828337236533958 0.18492187499999999 0.4820608899297424 0.1854375 0.4815456674473068 0.18560937500000002 0.4802810304449649 0.1854375 0.4800234192037471 0.18356250000000002 0.48053864168618265 0.181859375 0.48079625292740047 0.179640625 0.4802810304449649 0.17725 0.47925058548009364 0.176234375 0.47822014051522244 0.1779375 0.4779859484777517 0.18065625000000002 0.4779859484777517 0.18321875 0.47772833723653396 0.18492187499999999 0.4761826697892272 0.186296875 0.47540983606557374 0.185265625
0 0.2692505854800937 0.1746875 0.2690632318501171 0.17328125 0.2721077283372365 0.17046875 0.2698126463700234 0.168171875 0.27021077283372363 0.166125 0.2738407494145199 0.16496875 0.2736533957845433 0.16343749999999999 0.2763231850117096 0.165734375 0.27728337236533956 0.168171875 0.27672131147540985 0.17034375 0.277096018735363 0.17328125 0.27728337236533956 0.174546875 0.27557377049180326 0.1751875 0.2732552693208431 0.173015625 0.27096018735363 0.174546875
0 0.400983606557377 0.34584375 0.3007494145199063 0.502453125 0.31540983606557377 0.6101093750000001 0.24449648711943794 0.631328125 0.16627634660421545 0.696578125 0.17114754098360654 0.800984375 0.2249414519906323 0.86134375 0.2591803278688525 0.91028125 0.23227166276346606 0.9885781250000001 0.7066276346604216 0.9755312500000001 0.7555269320843092 0.9885781250000001 0.7995316159250585 0.9624843750000001 0.7017330210772833 0.921703125 0.7017330210772833 0.898859375 0.9462529274004684 0.9429062500000001 0.995152224824356 0.9657500000000001 0.5260040983606558 0.742046875 0.5452459016393443 0.6835312499999999 0.6063700234192038 0.6166406249999999 0.691943793911007 0.58890625 0.7897658079625293 0.592171875 0.8680093676814988 0.60359375 0.9731381733021076 0.655796875 0.9975878220140516 0.513859375 0.9315690866510538 0.41271874999999997 0.8924590163934426 0.3066875 0.8215456674473068 0.21696875000000002 0.716416861826698 0.17781249999999998 0.5892740046838407 0.194125 0.4792271662763466 0.259375 0.400983606557377 0.34584375
0 0.35189695550351285 0.16798437500000002 0.3542154566744731 0.163359375 0.3607025761124122 0.165515625 0.3607025761124122 0.16798437500000002 0.36625292740046833 0.176015625 0.3671662763466042 0.17971874999999998 0.3657845433255269 0.193609375 0.3611475409836066 0.193609375 0.35838407494145197 0.178171875 0.35236533957845434 0.16921875
0 0.7632786885245902 0.17003125 0.7642154566744731 0.15575 0.7707259953161593 0.156359375 0.7711943793911007 0.17128125 0.7674707259953161 0.168796875
0 0.6463700234192038 0.172734375 0.6475409836065574 0.16346875 0.6463700234192038 0.15971875 0.6443091334894614 0.157953125 0.6428103044496487 0.1575625 0.6416393442622951 0.15971875 0.6413348946135832 0.16090625 0.6404683840749414 0.1626875 0.6434192037470726 0.1640625 0.6428103044496487 0.169375 0.6428103044496487 0.172140625 0.6463700234192038 0.172734375
0 0.09850117096018736 0.17853125 0.09266978922716627 0.176265625 0.09217798594847774 0.172046875 0.09606557377049181 0.169125 0.09997658079625292 0.169453125 0.10142857142857144 0.175609375 0.10679156908665105 0.177234375 0.0980327868852459 0.17821875 0.0980327868852459 0.17821875
0 0.32196721311475407 0.16703125000000002 0.31723653395784546 0.163875 0.3178454332552693 0.159734375 0.3133957845433255 0.15657812499999998 0.3128103044496487 0.155796875 0.31074941451990634 0.15559375 0.3101639344262295 0.158546875 0.3122248243559719 0.16209374999999998 0.31133489461358316 0.166625 0.31163934426229506 0.16899999999999998 0.3133957845433255 0.16899999999999998 0.3140046838407494 0.165453125 0.3163700234192037 0.16446875 0.32049180327868854 0.168203125
0 0.18032786885245902 0.16484375 0.2903981264637002 0.0484375