0 0.64284375 0.5408177570093458 0.643578125 0.5378271028037384 0.643578125 0.5341355140186916 0.643046875 0.5320560747663552 0.643375 0.5290654205607477 0.644109375 0.5269859813084112 0.643375 0.5258878504672897 0.64165625 0.5233878504672898 0.641453125 0.5193224299065421 0.641515625 0.5178271028037383 0.641515625 0.5156308411214954 0.64225 0.5138317757009345 0.6429218750000001 0.5134345794392523 0.64425 0.5134345794392523 0.6451718750000001 0.5138317757009345 0.646578125 0.5147429906542056 0.6473125 0.5166355140186916 0.64778125 0.5185280373831775 0.64790625 0.5224065420560747 0.648046875 0.5407242990654205 0.64790625 0.5419158878504673 0.6473125 0.5425 0.6439843749999999 0.5417990654205607
0 0.408859375 0.5257710280373832 0.415984375 0.5257710280373832 0.42154687500000004 0.5257710280373832 0.427734375 0.5234579439252336 0.42403124999999997 0.5151401869158878 0.4203125 0.508644859813084 0.418453125 0.5003271028037383 0.412578125 0.5017056074766355 0.41165624999999995 0.5077336448598131 0.39896875 0.5169859813084112 0.40235937499999996 0.5248598130841121
0 0.57334375 0.5371028037383178 0.5746249999999999 0.532803738317757 0.57334375 0.5299532710280374 0.572875 0.5225934579439252 0.573984375 0.5182943925233645 0.57653125 0.5194859813084112 0.58003125 0.5264018691588785 0.5812968749999999 0.5297196261682243 0.580828125 0.5397196261682243 0.575734375 0.5371028037383178 0.573984375 0.5371028037383178
0 0.62615625 0.5293925233644861 0.627515625 0.5255140186915888 0.629859375 0.523481308411215 0.632453125 0.524018691588785 0.6344375 0.5262383177570094 0.6349375 0.530677570093458 0.6340625 0.5373364485981308 0.6334531250000001 0.540303738317757 0.6306093749999999 0.5410280373831776 0.62653125 0.5410280373831776 0.62553125 0.541214953271028 0.62528125 0.5282710280373831
0 0.6824375 0.5477803738317757 0.6931406250000001 0.548411214953271 0.691296875 0.5412616822429906 0.690734375 0.5387383177570094 0.6924375 0.5360046728971962 0.6924375 0.5347429906542056 0.692578125 0.5311682242990654 0.6934218750000001 0.5299065420560748 0.692296875 0.5271728971962617 0.690734375 0.5259112149532711 0.686234375 0.5280140186915888 0.6856718749999999 0.5328504672897196 0.685109375 0.5349532710280374 0.6832812500000001 0.5404205607476635 0.683 0.5458878504672897
0 0.69284375 0.5652102803738318 0.6934375 0.551892523364486 0.69225 0.5434579439252336 0.6916562500000001 0.5367990654205608 0.6934375 0.5301401869158878 0.6984843749999999 0.5301401869158878 0.69996875 0.5407943925233645 0.701453125 0.5527803738317757 0.7029375 0.5621028037383178 0.704125 0.5763084112149532 0.7029375 0.5811915887850467 0.701453125 0.5829672897196262 0.697 0.5825233644859813 0.6934375 0.5749766355140187 0.69403125 0.5647663551401869
0 0.70634375 0.5473130841121495 0.70803125 0.5342289719626169 0.715109375 0.5352336448598131 0.71846875 0.5458177570093459 0.7201562499999999 0.5518691588785046 0.7205 0.5568925233644859 0.7164531249999999 0.5558878504672897 0.71275 0.5528738317757009 0.708703125 0.5503504672897197
0 0.6053124999999999 0.5375233644859813 0.604984375 0.5339018691588785 0.60575 0.5291588785046729 0.6071718749999999 0.5267056074766355 0.6100156250000001 0.5265420560747663 0.6106874999999999 0.5268691588785047 0.6110156250000001 0.5275233644859814 0.612109375 0.5314485981308411 0.612 0.5350700934579439 0.612 0.5355607476635514 0.612109375 0.5360514018691589 0.6151718749999999 0.5376869158878504 0.6151718749999999 0.5385046728971963 0.6151718749999999 0.5386682242990655 0.6044375 0.5394859813084112
0 0.5873125 0.535677570093458 0.58803125 0.530373831775701 0.5918125 0.5282476635514018 0.589921875 0.5247196261682243 0.592765625 0.5218691588785047 0.594171875 0.5218691588785047 0.597484375 0.5257710280373832 0.5960625 0.528948598130841 0.5963125 0.5328504672897196 0.5963125 0.5367289719626168 0.5963125 0.5367289719626168
0 0.6726875 0.544392523364486 0.6702656250000001 0.5429439252336449 0.668078125 0.5385981308411215 0.666390625 0.5342523364485982 0.66759375 0.5335280373831776 0.666875 0.5320794392523365 0.66565625 0.5309813084112149 0.662015625 0.5331542056074766 0.66178125 0.5371495327102804 0.66153125 0.5403971962616823 0.6608125 0.5422196261682243 0.659359375 0.544018691588785 0.666390625 0.5432943925233645 0.6714687500000001 0.544392523364486
0 0.5404687499999999 0.5279906542056074 0.5388124999999999 0.5267523364485981 0.5369531249999999 0.5282943925233645 0.533859375 0.533551401869159 0.532203125 0.5369626168224299 0.53178125 0.5400467289719626 0.53303125 0.5428271028037384 0.5406718749999999 0.5431308411214953