0 0.442296875 0.9775175644028102 0.505265625 0.7797658079625293 0.46778125 0.6988758782201405 0.44079687500000003 0.6426932084309134 0.42279687499999996 0.593255269320843 0.41231249999999997 0.5640515222482435 0.3883125 0.5640515222482435 0.367328125 0.5618032786885245 0.34484375 0.5775175644028103 0.313359375 0.5640515222482435 0.29085937500000003 0.5258313817330211 0.293859375 0.4921311475409836 0.304359375 0.45393442622950825 0.304359375 0.41124121779859485 0.313359375 0.33707259953161595 0.34934375 0.33932084309133487 0.359828125 0.3730444964871194 0.371828125 0.38651053864168616 0.4078125 0.3910070257611241 0.43029687499999997 0.3910070257611241 0.437796875 0.3910070257611241 0.446796875 0.38201405152224827 0.431796875 0.33257611241217794 0.424296875 0.3168618266978923 0.45728125000000003 0.2516861826697892 0.47828125000000005 0.22920374707259955 0.485765625 0.2224824355971897 0.500765625 0.22023419203747074 0.5277499999999999 0.2629274004683841 0.5337500000000001 0.30112412177985953 0.5337500000000001 0.31461358313817334 0.53225 0.3573067915690866 0.53225 0.3573067915690866 0.553234375 0.3595550351288056 0.560734375 0.36405152224824355 0.577234375 0.3797658079625293 0.623703125 0.469672131147541 0.6477031249999999 0.5528103044496487 0.6626875 0.67192037470726 0.72115625 0.797751756440281 0.73615625 0.8763934426229509 0.73915625 0.9213583138173302 0.73615625 1 0.6566875 1 0.635703125 0.9752693208430914 0.628203125 0.9618032786885246 0.617703125 0.9528103044496488 0.58771875 0.9528103044496488 0.562234375 0.9842622950819672 0.557734375 1 0.44529687500000004 0.9932552693208431
0 0.9131562499999999 0.49697892271662764 0.9144375 0.48276346604215453 0.9213281249999999 0.4788992974238876 0.9286562500000001 0.4788992974238876 0.934671875 0.4911709601873536 0.93553125 0.5027868852459016 0.9368281250000001 0.5137470725995317 0.9415625000000001 0.5279391100702576 0.9514687500000001 0.5537704918032788 0.9553437499999999 0.5718266978922716 0.96265625 0.5879625292740047 0.9600781250000001 0.6157142857142858 0.960515625 0.6363700234192038 0.94803125 0.6331381733021078 0.940703125 0.6247540983606557 0.9432812500000001 0.5899063231850117 0.93253125 0.5795784543325526 0.92090625 0.5679625292740047 0.914875 0.5485948477751756 0.9105624999999999 0.5260187353629977 0.9066875 0.5118032786885246 0.9114218749999999 0.5034192037470726 0.9144375 0.49632318501170963 0.9144375 0.49245901639344264
0 0.148125 0.28962529274004684 0.18748437499999998 0.30674473067915686 0.191296875 0.28962529274004684 0.181140625 0.2839110070257611 0.179859375 0.24585480093676815 0.163359375 0.23442622950819672 0.153203125 0.25346604215456675 0.159546875 0.2724824355971897 0.150671875 0.28580796252927404
0 0.3279375 0.2887353629976581 0.319109375 0.2635128805620609 0.319109375 0.24187353629976582 0.323921875 0.22505854800936767 0.34396875 0.223864168618267 0.355984375 0.24669789227166278 0.36159375 0.27672131147540985 0.369625 0.29714285714285715 0.3551875 0.29714285714285715 0.340765625 0.31517564402810305 0.33595312499999996 0.3271896955503513 0.33995312499999997 0.33679156908665103 0.31590625 0.33679156908665103 0.3086875 0.32599531615925054 0.3086875 0.3079625292740047 0.31429687500000003 0.293536299765808 0.32632812499999997 0.2887353629976581
0 0.8534843750000001 0.5539578454332552 0.8554375000000001 0.5802810304449649 0.8554375000000001 0.5802810304449649 0.871046875 0.6131850117096018 0.876890625 0.6343793911007025 0.797875 0.6387587822014051 0.799828125 0.6014754098360655 0.8276249999999999 0.5788056206088993 0.8276249999999999 0.5788056206088993 0.834953125 0.5700468384074941 0.834953125 0.5700468384074941 0.8295781249999999 0.5429976580796253 0.8393437499999999 0.531288056206089 0.84909375 0.5342154566744731 0.8539687499999999 0.550304449648712
0 0.264015625 0.40953161592505855 0.25215624999999997 0.36257611241217796 0.261484375 0.32702576112412174 0.270796875 0.3206791569086651 0.278421875 0.29021077283372365 0.30128125 0.2788056206088993 0.3114375 0.28894613583138173 0.30975 0.3206791569086651 0.31651562499999997 0.3371896955503513 0.30212500000000003 0.39175644028103046 0.280109375 0.39175644028103046 0.27332812500000003 0.4082669789227167
0 0.605421875 0.26583138173302107 0.588828125 0.27489461358313816 0.594859375 0.2895784543325527 0.622015625 0.31559718969555034 0.637109375 0.30088992974238876 0.64690625 0.2805386416861827 0.64690625 0.26810304449648714 0.625796875 0.27262295081967214 0.6272968750000001 0.22288056206088994 0.61446875 0.2183606557377049 0.6069375 0.23079625292740047 0.60315625 0.23192037470725996 0.6039218749999999 0.26583138173302107
0 0.5860000000000001 0.12114754098360656 0.575140625 0.1881733021077283 0.56684375 0.20540983606557375 0.5598124999999999 0.2178454332552693 0.55790625 0.20826697892271664 0.560453125 0.18337236533957846 0.5502343749999999 0.1718969555035129 0.542578125 0.16901639344262295 0.520859375 0.1747775175644028 0.520859375 0.14412177985948477 0.5278906250000001 0.10871194379391101 0.548328125 0.08669789227166277 0.564921875 0.06372365339578455 0.578984375 0.07138173302107728 0.5770625 0.09243559718969555
0 0.360265625 0.5941451990632318 0.3560625 0.5737002341920374 0.364453125 0.567423887587822 0.39384375 0.567423887587822 0.398046875 0.5894379391100703 0.396984375 0.6004449648711944 0.414828125 0.6193208430913348 0.41903125 0.6381967213114754 0.344515625 0.6460655737704918 0.338234375 0.6334660421545668 0.344515625 0.6161826697892272
0 0.117796875 0.43899297423887584 0.120359375 0.394847775175644 0.122921875 0.3602810304449649 0.1133125 0.3411007025761124 0.10434375 0.3468618266978923 0.09090625 0.3650819672131147 0.095375 0.3814051522248244 0.091546875 0.38524590163934425 0.068484375 0.41021077283372365 0.07553125000000001 0.435152224824356 0.088984375 0.40637002341920375 0.10114062500000001 0.397728337236534 0.107546875 0.4169320843091335 0.107546875 0.4284309133489461
0 0.25053125 0.35601873536299766 0.23181250000000003 0.34962529274004683 0.22853125 0.36585480093676814 0.227875 0.3875175644028103 0.22556250000000003 0.39833723653395786 0.219 0.4052224824355972 0.21014062500000003 0.41213114754098357 0.203578125 0.4160655737704918 0.20060937499999998 0.4377049180327869 0.199953125 0.4534660421545667 0.20060937499999998 0.46674473067915695 0.21834375 0.48152224824355977 0.22590625000000003 0.487423887587822 0.2305 0.49529274004683843 0.22721874999999997 0.5095550351288056 0.24362499999999998 0.5149648711943794 0.24132812499999998 0.49627634660421543 0.23935937499999999 0.4785480093676815 0.25184375000000003 0.4534660421545667 0.259390625 0.4254098360655738 0.256109375 0.4150819672131148 0.2511875 0.35749414519906325
0 0.04875 0.3946135831381733 0.036671875 0.3946135831381733 0.01315625 0.4279391100702576 0.00871875 0.4974707259953161 0.05509375 0.5117564402810305 0.06590625 0.5298594847775175 0.0678125 0.5231850117096019 0.061453125 0.4831850117096019 0.063359375 0.45936768149882906 0.059546875 0.44032786885245906 0.060187500000000005 0.4279391100702576 0.060187500000000005 0.40985948477751755 0.05890625000000001 0.40318501170960186
0 0.787890625 0.5674473067915691 0.829078125 0.5655035128805621 0.829078125 0.5500936768149882 0.831640625 0.5423653395784543 0.838078125 0.5288758782201406 0.8432187499999999 0.5288758782201406 0.8457968749999999 0.5153629976580796 0.8419375 0.49800936768149884 0.8419375 0.482576112412178 0.8329375000000001 0.478711943793911 0.8239218749999999 0.4690866510538642 0.8149218749999999 0.48836065573770493 0.8123437499999999 0.5018735362997658 0.795609375 0.5230913348946136 0.785328125 0.5365807962529274 0.7814687499999999 0.5500936768149882
0 0.5 0.34894613583138173 0.996875 0.6978922716627635