0 0.81534375 0.9521932114882506 0.8139375 0.9372584856396867 0.814640625 0.9290339425587467 0.8141718750000001 0.9109660574412533 0.812515625 0.9054569190600523 0.8115781249999999 0.9046736292428199 0.808765625 0.9011488250652742 0.807828125 0.9086161879895561 0.80640625 0.9117493472584857 0.805703125 0.9231331592689295 0.8082968749999999 0.9286422976501306 0.8080624999999999 0.9360835509138381 0.810171875 0.9443342036553525 0.8122812500000001 0.9537597911227155 0.808765625 0.9561096605744125 0.81534375 0.9557180156657964 0.8158125 0.9514099216710182
0 0.792734375 0.9034725848563968 0.7933749999999999 0.9129503916449087 0.794625 0.9177806788511749 0.794875 0.9236814621409921 0.794875 0.9293733681462141 0.7935 0.9304177545691906 0.792109375 0.9287206266318537 0.791484375 0.9220104438642297 0.78984375 0.9251436031331592 0.788578125 0.9297911227154048 0.7864375 0.9266318537859007 0.7874531250000001 0.9207310704960835 0.78896875 0.9186422976501305 0.7869531249999999 0.9099999999999999 0.788578125 0.9068407310704961 0.788453125 0.8984334203655353 0.79009375 0.9001044386422977 0.792359375 0.9001044386422977 0.792859375 0.907911227154047
0 0.71578125 0.9540208877284595 0.714671875 0.9490078328981724 0.7147812499999999 0.9456919060052219 0.711234375 0.9423498694516972 0.71034375 0.934934725848564 0.709125 0.9262140992167102 0.710234375 0.9204699738903395 0.7115781250000001 0.9186161879895561 0.711796875 0.9147258485639687 0.7123437499999999 0.909556135770235 0.715015625 0.908798955613577 0.7175625 0.9136292428198434 0.7181093749999999 0.9147258485639687 0.719671875 0.9184334203655352 0.719671875 0.9245691906005222 0.719671875 0.9286422976501306 0.72 0.9334464751958225 0.720109375 0.9379112271540471 0.720109375 0.9403133159268929 0.7204375 0.9451174934725849 0.7204375 0.9486422976501305 0.718890625 0.9449347258485641 0.716890625 0.9451174934725849 0.7195625 0.9514360313315926 0.715671875 0.9549608355091384
0 0.9649218749999999 0.9451958224543081 0.9655625000000001 0.9347780678851174 0.96428125 0.9245953002610966 0.962515625 0.917911227154047 0.963953125 0.9149869451697128 0.963640625 0.9109660574412533 0.9637968750000001 0.9088250652741514 0.9666874999999999 0.9085639686684074 0.969890625 0.9125587467362924 0.968765625 0.916579634464752 0.9717968750000001 0.9240731070496084 0.97084375 0.930757180156658 0.9721249999999999 0.9486945169712794 0.968921875 0.9476240208877285 0.9682812500000001 0.9457441253263709 0.9647656250000001 0.9502872062663185
0 0.985078125 0.9460835509138382 0.984375 0.9386422976501305 0.982734375 0.9288772845953003 0.982734375 0.9230287206266318 0.9815625000000001 0.9191122715404699 0.9815625000000001 0.9151958224543081 0.982734375 0.9124543080939949 0.983671875 0.9073890339425587 0.9848437499999999 0.9050391644908616 0.987640625 0.9054308093994777 0.99021875 0.912845953002611 0.991859375 0.9191122715404699 0.992328125 0.9277023498694517 0.9920937500000001 0.9409921671018276 0.9920937500000001 0.9503916449086162 0.9920937500000001 0.9503916449086162
0 0.41150000000000003 0.9194255874673629 0.411296875 0.9096344647519582 0.411203125 0.904751958224543 0.41159375000000004 0.8991906005221931 0.41334375 0.896579634464752 0.41490625000000003 0.8978851174934726 0.41764062500000004 0.9057180156657963 0.41803125 0.9115926892950391 0.41715625 0.9194255874673629 0.41628125000000005 0.925639686684073 0.414125 0.9262924281984334 0.41403125 0.925953002610966 0.4139375 0.925953002610966
0 0.927171875 0.9483028720626632 0.9309062499999999 0.9443080939947781 0.9314375 0.9376240208877284 0.931703125 0.9354046997389034 0.93596875 0.942976501305483 0.934359375 0.9487467362924282 0.9399531250000001 0.9509921671018278 0.9399531250000001 0.943420365535248 0.9399531250000001 0.9394255874673629 0.9362343750000001 0.9327415143603134 0.9354374999999999 0.9274151436031332 0.9357031250000001 0.9211749347258485 0.9357031250000001 0.9162924281984334 0.934359375 0.9118276762402089 0.927984375 0.9189556135770235 0.927171875 0.9216187989556136 0.92771875 0.9309660574412533 0.92825 0.9385117493472585 0.927171875 0.942532637075718 0.925578125 0.9487467362924282
0 0.42228125 0.925953002610966 0.41829687499999996 0.9261357702349869 0.419109375 0.9138381201044387 0.419625 0.9097650130548303 0.42095312500000004 0.9085639686684074 0.42228125 0.9102610966057442 0.42228125 0.9172584856396867 0.422375 0.9252741514360313
0 0.8151093749999999 0.910182767624021 0.81565625 0.9133681462140992 0.8180624999999999 0.9149347258485641 0.819375 0.9198955613577023 0.819484375 0.923603133159269 0.8185625 0.9290861618798955 0.8171406250000001 0.9322715404699738 0.8144843749999999 0.9320626631853787 0.813625 0.9198955613577023 0.813859375 0.911514360313316 0.8148593749999999 0.909556135770235
0 0.382671875 0.9198172323759791 0.38290625 0.9079895561357703 0.383390625 0.9061618798955614 0.381328125 0.9055613577023498 0.38156249999999997 0.9002610966057442 0.379625 0.9004699738903394 0.377546875 0.9027154046997389 0.377296875 0.9061618798955614 0.376578125 0.9086161879895561 0.376578125 0.913289817232376 0.37693750000000004 0.9224543080939948 0.377421875 0.9267362924281984 0.377296875 0.9281462140992167 0.37925 0.9242819843342036 0.381203125 0.9279634464751959 0.38290625 0.9279634464751959 0.38290625 0.9224543080939948
0 0.495015625 0.9062663185378591 0.49603125 0.9024281984334204 0.49749999999999994 0.9007310704960836 0.49887499999999996 0.9053263707571801 0.499328125 0.9137859007832899 0.499328125 0.9173107049608354 0.496765625 0.922532637075718 0.49409375000000005 0.9207049608355091 0.49253125000000003 0.9248563968668408 0.487203125 0.9237597911227154 0.490234375 0.9134725848563969 0.492625 0.9114882506527415 0.49456249999999996 0.9105483028720627
0 0.06271875 0.8885378590078329 0.063171875 0.8866318537859007 0.06453125 0.8868146214099216 0.06498437500000001 0.8909921671018277 0.064875 0.8932637075718016 0.06725 0.8949608355091383 0.06578125 0.8979895561357703 0.06453125 0.899686684073107 0.064640625 0.9057441253263707 0.06079687499999999 0.9051697127937337 0.062046875 0.8974151436031331 0.06023437499999999 0.8938120104438642 0.060906249999999995 0.8917493472584856 0.062265625000000005 0.8917493472584856 0.0625 0.8896605744125327
0 0.9297187499999999 0.9121148825065274 0.92790625 0.907467362924282 0.925828125 0.9007049608355092 0.923453125 0.907467362924282 0.923875 0.9214360313315928 0.92303125 0.9328459530026109 0.92415625 0.937023498694517 0.925828125 0.9314360313315927 0.9265156250000001 0.921906005221932 0.9290312500000001 0.9128198433420366
0 0.52421875 0.9203655352480418 0.9171875 0.13838120104438642