0 0.37821875 0.2724375 0.37907812500000004 0.24275 0.371375 0.23933333333333331 0.3739375 0.2170625 0.371375 0.20164583333333336 0.374375 0.18679166666666666 0.3799375 0.18452083333333333 0.38121875 0.17822916666666666 0.38678124999999997 0.17252083333333335 0.392359375 0.17881249999999999 0.3910625 0.18508333333333335 0.39449999999999996 0.19364583333333335 0.3915 0.21762499999999999 0.3940625 0.2461875 0.386359375 0.24675 0.3859375 0.2781458333333333 0.37821875 0.2730208333333334
0 0.323703125 0.19027083333333333 0.32240625 0.17814583333333334 0.3315 0.17639583333333334 0.330859375 0.18854166666666666 0.3393125 0.19635416666666666 0.3393125 0.20675 0.337359375 0.2154375 0.33540625 0.22495833333333334 0.337359375 0.23885416666666667 0.33801562500000004 0.2561875 0.33801562500000004 0.263125 0.33606250000000004 0.2709375 0.33215625000000004 0.2700625 0.33020312500000004 0.25966666666666666 0.32825000000000004 0.24752083333333333 0.32825000000000004 0.24404166666666666 0.326953125 0.2570625 0.326953125 0.2657291666666667 0.326953125 0.2735416666666667 0.320453125 0.2735416666666667 0.319140625 0.2700625 0.319140625 0.2613958333333333 0.319140625 0.25185416666666666 0.319796875 0.23710416666666667 0.319796875 0.22583333333333336 0.3185 0.22149999999999997 0.317203125 0.21108333333333332 0.317203125 0.1998125 0.320453125 0.19202083333333334
0 0.463515625 0.15787500000000002 0.46909375000000003 0.15127083333333333 0.46846875 0.13804166666666667 0.4728125 0.1421875 0.474671875 0.15539583333333334 0.479015625 0.16283333333333333 0.480875 0.18433333333333335 0.480875 0.19424999999999998 0.474046875 0.19754166666666664 0.4721875 0.23143750000000002 0.466609375 0.23143750000000002 0.46414062500000003 0.22977083333333334 0.46165625 0.1950625 0.46414062500000003 0.15954166666666666
0 0.451484375 0.15129166666666669 0.447140625 0.14806249999999999 0.44762500000000005 0.138375 0.452453125 0.1364375 0.45584375 0.14289583333333333 0.45584375 0.14806249999999999 0.4568125 0.15064583333333334 0.46068749999999997 0.15772916666666664 0.46214062499999997 0.15966666666666668 0.46068749999999997 0.16999999999999998 0.45971875000000006 0.1719375 0.45875000000000005 0.1880625 0.4568125 0.20097916666666665 0.45729687500000005 0.221625 0.45971875000000006 0.23324999999999999 0.45971875000000006 0.23454166666666668 0.4568125 0.22227083333333333 0.45390625 0.21904166666666666 0.455359375 0.23195833333333335 0.452453125 0.23583333333333334 0.446171875 0.22743750000000001 0.44520312500000003 0.20033333333333334 0.44520312500000003 0.18033333333333335 0.44084375 0.16224999999999998 0.45099999999999996 0.1519375
0 0.37078125 0.7910208333333333 0.3471875 0.7528125 0.342140625 0.7236041666666666 0.335390625 0.6786458333333333 0.33201562500000004 0.6449374999999999 0.342140625 0.6426875 0.358984375 0.6674166666666667 0.36909375 0.6988749999999999 0.37415625 0.7258333333333333 0.37584375 0.7573124999999999 0.38932812499999997 0.7887708333333333
0 0.606359375 0.19779166666666667 0.605828125 0.18025 0.60740625 0.17325 0.609515625 0.16833333333333333 0.613203125 0.164125 0.6189843749999999 0.16133333333333333 0.621609375 0.1493958333333333 0.624765625 0.14168750000000002 0.627390625 0.138875 0.6358125 0.14168750000000002 0.637921875 0.14660416666666667 0.63634375 0.16341666666666665 0.63634375 0.18166666666666667 0.63528125 0.18727083333333333 0.606359375 0.1991875
0 0.095765625 0.2669375 0.083640625 0.26097916666666665 0.089703125 0.24097916666666666 0.0919375 0.22947916666666668 0.09226562499999999 0.22308333333333333 0.089390625 0.21075 0.0890625 0.1988125 0.09003125 0.18689583333333332 0.09003125 0.17795833333333333 0.09065625000000001 0.16347916666666668 0.09353125 0.1545416666666667 0.095765625 0.14645833333333333 0.098 0.14133333333333334 0.101515625 0.18647916666666667 0.102484375 0.23075 0.10120312499999999 0.25245833333333334 0.09896875000000001 0.2626875 0.097375 0.2665208333333334
0 0.348734375 0.24102083333333332 0.342953125 0.26137499999999997 0.346625 0.274 0.35557812499999997 0.27610416666666665 0.35924999999999996 0.27189583333333334 0.35557812499999997 0.25927083333333334 0.361890625 0.23752083333333335 0.354515625 0.214375 0.358734375 0.18562499999999998 0.36240625 0.18912500000000002 0.36398437499999997 0.18491666666666667 0.36135937500000004 0.16108333333333333 0.357671875 0.14214583333333333 0.35135937500000003 0.14004166666666668 0.349265625 0.153375 0.342953125 0.16389583333333332 0.33821875 0.21016666666666667
0 0.516015625 0.26239583333333333 0.511296875 0.22549999999999998 0.511296875 0.20389583333333333 0.5166875 0.18229166666666666 0.514671875 0.16968750000000002 0.514 0.15350000000000003 0.519390625 0.14539583333333334 0.531546875 0.15079166666666666 0.536265625 0.1625 0.536265625 0.18229166666666666 0.537625 0.21379166666666669 0.5328906250000001 0.23539583333333333 0.53559375 0.2561041666666667 0.526140625 0.2633125
0 0.564546875 0.15558333333333335 0.570046875 0.15791666666666665 0.5702812500000001 0.16437500000000002 0.57115625 0.17866666666666667 0.5750625 0.18060416666666665 0.577234375 0.19933333333333333 0.5755 0.20164583333333336 0.5543437499999999 0.2223125 0.5501406249999999 0.23004166666666667 0.5495625000000001 0.22985416666666666 0.547546875 0.22116666666666665 0.5440625 0.21208333333333332 0.5385625 0.1970208333333333 0.53696875 0.18891666666666668 0.53740625 0.17481249999999998 0.537984375 0.16804166666666667 0.5388437500000001 0.16283333333333333 0.54478125 0.15472916666666667 0.55159375 0.153375 0.55159375 0.149125 0.551015625 0.14216666666666666 0.554203125 0.13289583333333332 0.562171875 0.13039583333333335 0.566515625 0.13443750000000002 0.567671875 0.13945833333333332 0.5668124999999999 0.143125 0.56478125 0.14989583333333334
0 0.5765625 0.1517083333333333 0.580265625 0.14310416666666667 0.585265625 0.1414375 0.589015625 0.14570833333333333 0.59165625 0.1493958333333333 0.590828125 0.15256250000000002 0.589578125 0.15441666666666667 0.5892968749999999 0.1568125 0.5892968749999999 0.15979166666666667 0.58790625 0.1618125 0.584421875 0.16366666666666668 0.58303125 0.1633125 0.584703125 0.167375 0.5877656250000001 0.16941666666666666 0.590265625 0.17108333333333334 0.593953125 0.18372916666666667 0.59853125 0.19320833333333332 0.59853125 0.19564583333333332 0.5914375 0.19777083333333334 0.5763281250000001 0.19808333333333333 0.575640625 0.17977083333333335 0.57196875 0.17670833333333333 0.5703750000000001 0.16329166666666667 0.575640625 0.16114583333333332 0.578609375 0.15962500000000002 0.57609375 0.15627083333333333 0.5758593750000001 0.15260416666666668
0 0.20554687500000002 0.11345833333333334 0.20409375000000002 0.130875 0.21715625 0.13797916666666668 0.219578125 0.19089583333333332 0.21909375 0.20314583333333333 0.21764062499999998 0.22058333333333333 0.2200625 0.25929166666666664 0.22248437499999998 0.2702708333333333 0.22345312499999997 0.27091666666666664 0.23118750000000002 0.2767291666666667 0.23021875 0.28060416666666665 0.2123125 0.2767291666666667 0.206984375 0.23089583333333333 0.203609375 0.22122916666666667 0.20070312499999998 0.20702083333333335 0.193921875 0.23541666666666666 0.193921875 0.2360625 0.19053124999999999 0.2754375 0.18859375 0.277375 0.18425 0.23929166666666665 0.19053124999999999 0.2121875 0.18521875000000002 0.20122916666666668 0.181828125 0.21154166666666668 0.17553125 0.166375 0.182796875 0.13733333333333334 0.1895625 0.12958333333333333 0.191984375 0.11022916666666666 0.198765625 0.10570833333333333 0.2065 0.10958333333333334
0 0.91228125 0.17425 0.9083593750000001 0.1846875 0.9219791666666668 0.2105347222222222 0.91228125 0.20929166666666665 0.9166132812499999 0.21508333333333335 0.9145156249999999 0.22645833333333334 0.9184374999999999 0.2301875 0.9100468749999999 0.240625 0.91059375 0.24883333333333332 0.9161875 0.24883333333333332 0.921234375 0.23614583333333333 0.9273828125 0.23429166666666668 0.936328125 0.23839583333333333 0.94025 0.25479166666666664 0.9458437500000001 0.25852083333333337 0.9452812500000001 0.2525625 0.94025 0.23541666666666666 0.9413750000000001 0.20183333333333334 0.932984375 0.1854375 0.92080859375 0.19233333333333333 0.9229062499999999 0.18095833333333333 0.91228125 0.17425
0 0.2328125 0.15416666666666667 0.028125 0.05416666666666667