0 0.4324375 0.67189453125 0.415390625 0.65640625 0.414875 0.63640625 0.41126562499999997 0.62349609375 0.419015625 0.609296875 0.41693749999999996 0.598984375 0.4246875 0.598984375 0.42623437500000005 0.6105859375 0.43295312499999994 0.6151171875 0.435015625 0.62671875 0.4324375 0.638984375 0.430359375 0.65705078125 0.43346875 0.6673828125
0 0.5742499999999999 0.62126953125 0.5742499999999999 0.62126953125 0.576875 0.62919921875 0.574703125 0.63208984375 0.572078125 0.63537109375 0.572078125 0.6375 0.575796875 0.63943359375 0.577796875 0.64734375 0.5723906249999999 0.6479296875 0.5671406250000001 0.64734375 0.56203125 0.645234375 0.55740625 0.6401953125 0.5549375000000001 0.6375 0.5536875 0.62939453125 0.5549375000000001 0.62494140625 0.5595625 0.61818359375 0.5595625 0.61451171875 0.5625 0.6091015625 0.565125 0.606015625 0.56821875 0.6066015625 0.5723906249999999 0.61220703125 0.5706875 0.61818359375
0 0.5872499999999999 0.65998046875 0.5865781250000001 0.6566015625 0.58746875 0.6433984375 0.589046875 0.62935546875 0.5872499999999999 0.618125 0.585 0.61166015625 0.58253125 0.6051953125 0.5775781249999999 0.60435546875 0.577140625 0.60408203125 0.577359375 0.61166015625 0.57578125 0.61896484375 0.577359375 0.627109375 0.57196875 0.63666015625 0.576453125 0.6375 0.5789375 0.6546484375
0 0.496125 0.64962890625 0.500390625 0.6656640625 0.49564062499999995 0.67337890625 0.49375 0.68287109375 0.489953125 0.68822265625 0.48234374999999996 0.6787109375 0.48092187500000005 0.67099609375 0.479015625 0.6668359375 0.476171875 0.6668359375 0.47664062500000004 0.65318359375 0.47806249999999995 0.64666015625 0.48376562500000003 0.64486328125 0.48187499999999994 0.6365625 0.48520312499999996 0.630625 0.48946875 0.6312109375 0.49184374999999997 0.63892578125 0.490890625 0.64427734375 0.49564062499999995 0.6460546875
0 0.412921875 0.67103515625 0.40774999999999995 0.66794921875 0.401015625 0.66708984375 0.39853125 0.66259765625 0.399890625 0.66091796875 0.401453125 0.65783203125 0.40393749999999995 0.655859375 0.40437500000000004 0.651640625 0.40437500000000004 0.646875 0.40640625 0.6409765625 0.412015625 0.63984375 0.412703125 0.64744140625 0.41314062500000004 0.650234375 0.41517187499999997 0.657265625 0.42281250000000004 0.66794921875 0.428421875 0.67439453125 0.432703125 0.68029296875 0.42865624999999996 0.67861328125 0.42281250000000004 0.67384765625
0 0.612625 0.7031640625 0.60709375 0.7031640625 0.59953125 0.70134765625 0.596609375 0.70025390625 0.596328125 0.6864453125 0.593703125 0.68353515625 0.593125 0.67916015625 0.596609375 0.67224609375 0.597203125 0.66970703125 0.59953125 0.664609375 0.59865625 0.660234375 0.6041875 0.65478515625 0.60884375 0.66060546875 0.60709375 0.66533203125 0.6076718750000001 0.6704296875 0.61378125 0.6726171875 0.614953125 0.6784375 0.61378125 0.70390625
0 0.5628124999999999 0.567421875 0.5681093749999999 0.57634765625 0.571578125 0.58029296875 0.576671875 0.58310546875 0.577171875 0.58705078125 0.577078125 0.5893359375 0.5738125000000001 0.5911328125 0.57075 0.58654296875 0.566171875 0.5828515625 0.5637187499999999 0.583359375 0.56015625 0.58068359375 0.555875 0.5809375 0.55546875 0.58578125 0.554546875 0.593046875 0.5525156250000001 0.59623046875 0.5500625 0.59265625 0.548640625 0.58744140625 0.54740625 0.5794140625 0.547109375 0.572265625 0.549546875 0.56806640625 0.5525156250000001 0.5658984375 0.5519999999999999 0.55748046875 0.55425 0.55328125 0.558109375 0.55328125 0.560875 0.555703125 0.561171875 0.56015625 0.560875 0.5638671875
0 0.551671875 0.659375 0.5436093750000001 0.67494140625 0.5372656250000001 0.6807421875 0.532140625 0.6743359375 0.532140625 0.6676171875 0.531640625 0.66181640625 0.5318906250000001 0.6572265625 0.52871875 0.64990234375 0.530671875 0.64013671875 0.536046875 0.63341796875 0.5353125000000001 0.62640625 0.53896875 0.62060546875 0.5453281249999999 0.6208984375 0.547765625 0.623046875 0.5470312500000001 0.6276171875 0.5475156250000001 0.6325 0.54971875 0.6340234375 0.5531406249999999 0.642890625 0.553625 0.6538671875 0.553625 0.6590625
0 0.66721875 0.69142578125 0.6638437500000001 0.68697265625 0.66459375 0.67689453125 0.66609375 0.67595703125 0.66778125 0.67478515625 0.66890625 0.66400390625 0.67509375 0.66423828125 0.6758437500000001 0.67056640625 0.67959375 0.67080078125 0.68221875 0.68392578125 0.67921875 0.68767578125
0 0.6446562499999999 0.6728515625 0.64346875 0.66783203125 0.644515625 0.6659765625 0.647328125 0.65765625 0.64778125 0.65728515625 0.6501406249999999 0.65078125 0.653265625 0.6450390625 0.6575624999999999 0.64560546875 0.659046875 0.65060546875 0.6599375000000001 0.65283203125 0.6643749999999999 0.64763671875 0.6655625 0.64912109375 0.660671875 0.6559765625 0.6587500000000001 0.65912109375 0.6575624999999999 0.65783203125 0.652078125 0.65728515625 0.651625 0.660234375 0.651625 0.66357421875 0.649703125 0.67154296875 0.6486562499999999 0.6769140625 0.647625 0.67859375 0.645546875 0.67654296875 0.644515625 0.6754296875
0 0.20074999999999998 0.44412109375 0.199 0.4409765625 0.196734375 0.43548828125 0.19334374999999998 0.43439453125 0.190203125 0.43517578125 0.18743749999999998 0.43642578125 0.1869375 0.431875 0.18857812499999999 0.42810546875 0.19209375 0.42498046875 0.191203125 0.41884765625 0.191453125 0.413828125 0.19421875 0.412265625 0.19723437500000002 0.412734375 0.199125 0.41681640625 0.198734375 0.4229296875 0.2015 0.42607421875 0.202640625 0.42748046875
0 0.625296875 0.70123046875 0.648546875 0.69767578125 0.640046875 0.68208984375 0.633796875 0.67287109375 0.627 0.67287109375 0.625296875 0.68208984375 0.62303125 0.69271484375
0 0.62190625 0.66578125 0.620296875 0.657734375 0.61990625 0.65294921875 0.62009375 0.6458984375 0.61990625 0.63986328125 0.6205 0.6345703125 0.623328125 0.6298046875 0.6257343750000001 0.62703125 0.6287499999999999 0.6242578125 0.630171875 0.62123046875 0.631984375 0.61998046875 0.635 0.62048828125 0.637015625 0.62349609375 0.635609375 0.6277734375 0.633390625 0.6310546875 0.6347968749999999 0.63734375 0.635796875 0.64212890625 0.634 0.64640625 0.63096875 0.65419921875 0.630375 0.65873046875 0.630765625 0.66376953125 0.630765625 0.66427734375
0 0.44140625 0.6591796875 0.1328125 0.103515625