0 0.329109375 0.8046495327102804 0.31559375 0.806892523364486 0.31709375 0.7776869158878505 0.36067187500000003 0.7507009345794393 0.35917187500000003 0.7709345794392523 0.35315625 0.8113785046728972 0.35315625 0.8226168224299065 0.35015625 0.8585747663551403 0.3711875 0.88553738317757 0.3681875 0.8922897196261682 0.3711875 0.8877803738317758 0.377203125 0.8945327102803738 0.372703125 0.9192523364485982 0.357671875 0.9349766355140188 0.35617187499999997 0.9709345794392523 0.31859375 0.9844158878504673 0.2975625 0.9776869158878504 0.296046875 0.973177570093458 0.3005625 0.925981308411215 0.3005625 0.8877803738317758 0.296046875 0.8406074766355139 0.3020625 0.8293691588785047
0 0.5104375 0.9950467289719626 0.5059375 0.9524532710280373 0.5044375 0.9076168224299065 0.5044375 0.8784579439252337 0.49245312500000005 0.8874299065420561 0.489453125 0.8739719626168224 0.5089375 0.8515654205607477 0.5074375 0.838107476635514 0.5134375 0.8246495327102803 0.5239375 0.815677570093458 0.5254375 0.8291355140186916 0.5284375 0.8538084112149533 0.5374375 0.8672429906542056 0.538921875 0.905373831775701 0.5329375 0.9389953271028038 0.5359375 0.9950467289719626 0.5239375 0.9905841121495328 0.5194375 0.9569392523364486 0.5209374999999999 0.9950467289719626 0.5119374999999999 0.9950467289719626
0 0.951921875 0.9763551401869158 0.91878125 0.9267990654205608 0.9112500000000001 0.9155373831775702 0.9112500000000001 0.8704906542056075 0.8976875 0.8457242990654206 0.879609375 0.8389719626168224 0.85703125 0.8682476635514019 0.8540156250000001 0.899766355140187 0.85703125 0.924556074766355 0.8344374999999999 0.9696028037383178 0.819375 0.9898598130841122 0.94890625 0.9853504672897196 0.9383593749999999 0.9650934579439252
0 0.663234375 0.871892523364486 0.66721875 0.8420794392523365 0.66921875 0.8284579439252336 0.668640625 0.8161214953271029 0.6675 0.8131308411214953 0.6663593750000001 0.8084579439252336 0.6649375 0.8041822429906542 0.663234375 0.8041822429906542 0.662375 0.8041822429906542 0.660953125 0.8041822429906542 0.6600937499999999 0.8080140186915887 0.6600937499999999 0.8122897196261682 0.660953125 0.8144158878504673 0.6618125 0.815677570093458 0.658671875 0.8182476635514018 0.65753125 0.8212149532710281 0.65696875 0.8327102803738318 0.6566875 0.8437850467289719 0.658109375 0.845911214953271 0.658671875 0.8518691588785047 0.658671875 0.8637850467289719 0.658109375 0.8689018691588785
0 0.6177343750000001 0.8292990654205608 0.61253125 0.8176168224299065 0.614484375 0.8098364485981309 0.6229375 0.8185981308411215 0.63271875 0.8410046728971963 0.634015625 0.8575467289719626 0.6275000000000001 0.8867523364485981 0.626859375 0.9023364485981308 0.62425 0.9169392523364486 0.614484375 0.9120794392523365 0.6157812500000001 0.8770327102803739 0.6138281250000001 0.8672897196261682 0.609265625 0.8458644859813084 0.610578125 0.8224999999999999
0 0.197765625 0.9336448598130842 0.21226562499999999 0.932429906542056 0.21628124999999998 0.8878738317757009 0.22112500000000002 0.8963084112149533 0.22917187499999997 0.8854672897196262 0.22675 0.8469392523364486 0.22112500000000002 0.8096028037383177 0.2203125 0.7818925233644859 0.210640625 0.7891355140186916 0.207421875 0.7999766355140187 0.20420312499999999 0.8216355140186916 0.20179687500000001 0.8565654205607477
0 0.0012968749999999999 0.8297663551401869 0.00871875 0.8387850467289719 0.012656249999999999 0.8554205607476636 0.0115 0.8748364485981308 0.009171875 0.9004906542056076 0.0010625 0.9337616822429906 0.000375 0.8308177570093457
0 0.7949843750000001 0.9842757009345794 0.81603125 0.9775233644859813 0.813015625 0.9213551401869158 0.807015625 0.8853971962616822 0.807015625 0.8426869158878505 0.7995 0.8314719626168224 0.793484375 0.8179672897196261 0.779953125 0.8314719626168224 0.78296875 0.8584345794392524 0.776953125 0.8741588785046729 0.78596875 0.939322429906542 0.7949843750000001 0.9797663551401868 0.793484375 0.9842757009345794
0 0.114203125 0.8071495327102803 0.11276562500000001 0.8012149532710281 0.11185937500000001 0.798785046728972 0.11240625 0.7944626168224298 0.11221874999999999 0.7896028037383177 0.113125 0.78553738317757 0.11871875000000001 0.7785280373831776 0.12432812499999998 0.7798831775700935 0.12757812500000001 0.7877102803738317 0.126484375 0.7998598130841121 0.129203125 0.8033644859813084 0.133359375 0.8117523364485981 0.131359375 0.8479439252336449 0.13046875 0.8646728971962616 0.126671875 0.878177570093458 0.124140625 0.886822429906542 0.12160937499999999 0.9151869158878504 0.119984375 0.9508177570093458 0.10428124999999999 0.9532476635514019 0.10065625 0.9505607476635514 0.10175000000000001 0.9462383177570094 0.102828125 0.9459579439252337 0.10265625 0.942196261682243 0.10500000000000001 0.9394859813084113 0.10806249999999999 0.9319158878504673 0.1115 0.9143691588785047 0.11078125000000001 0.867640186915888 0.109515625 0.8579205607476635 0.11185937500000001 0.846588785046729 0.10084375000000001 0.8390186915887851 0.0983125 0.8336214953271028 0.09181249999999999 0.8330841121495327 0.090015625 0.830911214953271 0.08946875 0.8271261682242991 0.093625 0.8271261682242991 0.09651562500000001 0.8271261682242991 0.09940625 0.8228271028037384 0.09957812499999999 0.8195794392523363 0.10246875 0.8182242990654205 0.106078125 0.8209345794392524 0.10770312500000001 0.8220093457943926 0.11276562500000001 0.8190420560747664 0.11474999999999999 0.8209345794392524 0.11673437499999999 0.8130841121495327
0 0.22553125000000002 0.9991355140186916 0.21984374999999998 0.9764485981308412 0.224578125 0.9608411214953271 0.27153125 0.9246728971962617 0.26773437499999997 0.9012850467289719 0.268203125 0.877873831775701 0.27959375 0.8686682242990654 0.291921875 0.8750467289719626 0.29665625 0.8949065420560747 0.29334375 0.9239719626168224 0.29996875 0.9267990654205608 0.300921875 0.9537616822429906 0.301875 0.9849532710280374 0.298546875 0.998411214953271
0 0.148609375 0.8772429906542055 0.14575 0.8761682242990654 0.14825 0.8606542056074766 0.14825 0.8440654205607476 0.148609375 0.8349766355140187 0.15075 0.818411214953271 0.15075 0.8135981308411215 0.1546875 0.7980841121495327 0.160765625 0.7905841121495327 0.16578125 0.7905841121495327 0.159703125 0.8745560747663551 0.15146874999999999 0.8793691588785046
0 0.23298437500000002 0.8750233644859813 0.226921875 0.9025233644859812 0.21771875000000002 0.9121495327102803 0.20945312500000002 0.9241588785046729 0.21253125 0.9417990654205607 0.212875 0.9653816199376947 0.220015625 0.9742523364485982 0.213046875 0.9771728971962618 0.21276562499999999 1 0.22238281249999997 0.9871261682242991 0.22475 1 0.2350625 0.9792523364485981 0.2386875 0.9988551401869159 0.250671875 1 0.25206249999999997 0.9750934579439252 0.2484375 0.9688551401869159 0.24176875 0.9472616822429907 0.266453125 0.9286448598130841 0.2640625 0.9088317757009347 0.261484375 0.9011448598130841 0.256703125 0.8942757009345794 0.25393750000000004 0.8744859813084112 0.24842187500000001 0.8648598130841122 0.24034375 0.8659579439252336 0.23298437500000002 0.8750233644859813
0 0.425 0.8563084112149533 0.85 0.1658878504672897