0 0.01382 0.8373066666666666 0.00982 0.8383733333333333 0.02022 0.8511733333333333 0.028239999999999998 0.8426400000000001 0.028239999999999998 0.8351733333333333 0.03384 0.8223466666666667 0.04104 0.8042133333333333 0.04586 0.7956533333333333 0.04906 0.7849866666666667 0.04986 0.7742933333333334 0.05226 0.7678933333333333 0.05626 0.7689600000000001 0.06026 0.77216 0.061880000000000004 0.7732266666666666 0.07388 0.77216 0.06988 0.7604266666666667 0.06428 0.7518933333333333 0.05786 0.7412 0.05626 0.7358666666666667 0.05386 0.7262666666666667 0.05146 0.71984 0.04746 0.7177066666666666 0.03624 0.7123733333333333 0.02984 0.7049066666666666 0.023440000000000003 0.7049066666666666 0.01782 0.7049066666666666 0.01622 0.70704 0.00902 0.7081066666666668 0.0034 0.71024 0 0.7187733333333334 0.001 0.7252 0.001 0.7348 0.0018 0.7444 0.0034 0.7518933333333333 0.0034 0.7636266666666667 0.004200000000000001 0.7668266666666667 0.005019999999999999 0.7817866666666667 0.005019999999999999 0.7956533333333333 0.005019999999999999 0.7988533333333333 0.004200000000000001 0.80848 0.005019999999999999 0.8202133333333332 0.005019999999999999 0.8255466666666667 0.0058200000000000005 0.83304 0.0058200000000000005 0.83304
0 0.80562 0.7600266666666666 0.8046599999999999 0.7490933333333334 0.7984 0.7394666666666667 0.79888 0.7285333333333333 0.8017799999999999 0.7137600000000001 0.8041799999999999 0.7060533333333333 0.80948 0.7022133333333332 0.8142999999999999 0.7079733333333333 0.8162200000000001 0.7137600000000001 0.81816 0.7240533333333333 0.81816 0.73432 0.8162200000000001 0.7426666666666667 0.8133400000000001 0.75232 0.8142999999999999 0.7645333333333333 0.80804 0.7651733333333334
0 0.8702799999999999 0.7533066666666667 0.8751 0.7588 0.8774 0.7566666666666667 0.8774 0.7526933333333333 0.87624 0.7490133333333333 0.87648 0.7386133333333333 0.87946 0.73248 0.87924 0.7288266666666666 0.8797 0.7217866666666667 0.8813 0.7165866666666667 0.87924 0.712 0.87442 0.7110666666666666 0.87166 0.7223999999999999 0.8702799999999999 0.73432 0.87234 0.7438133333333333 0.87074 0.7490133333333333
0 0.16024000000000002 0.6971733333333333 0.15819999999999998 0.6948533333333333 0.15766 0.6914133333333332 0.15725999999999998 0.6881866666666666 0.15686000000000003 0.6853066666666667 0.15469999999999998 0.6845866666666668 0.15552000000000002 0.6811733333333333 0.15646000000000002 0.6795733333333334 0.15766 0.6791999999999999 0.15916 0.6756 0.15916 0.6736266666666667 0.15916 0.6694933333333334 0.16063999999999998 0.6685866666666667 0.16266 0.6684266666666666 0.16428 0.6707466666666667 0.16428 0.67272 0.1636 0.6766933333333333 0.16482 0.6766933333333333 0.16522 0.6766933333333333 0.16562000000000002 0.6766933333333333 0.16724 0.68136 0.16724 0.6845866666666668 0.16763999999999998 0.6889066666666666 0.16763999999999998 0.6928533333333333 0.16724 0.6946666666666667 0.1663 0.6951999999999999 0.16428 0.6959200000000001
0 0.25088 0.6995466666666666 0.25056 0.6742933333333334 0.25392 0.65984 0.26142000000000004 0.66288 0.26432 0.6720533333333334 0.26752 0.6840799999999999 0.26554 0.7003733333333333
0 0.49278 0.7061866666666666 0.49207999999999996 0.6968266666666667 0.48962 0.6930933333333335 0.48857999999999996 0.6902666666666667 0.48928 0.6841866666666666 0.49104000000000003 0.68232 0.49207999999999996 0.6804533333333334 0.4963 0.6753066666666667 0.49839999999999995 0.6734399999999999 0.50016 0.6710933333333333 0.49945999999999996 0.6776533333333333 0.49945999999999996 0.6841866666666666 0.4998 0.69168 0.4998 0.6991733333333333 0.49910000000000004 0.7052533333333334 0.49594 0.7089866666666667 0.49524 0.7089866666666667
0 0.7765 0.7269333333333334 0.7761 0.7149866666666667 0.7766799999999999 0.7108266666666667 0.7765 0.7079733333333333 0.77416 0.7053866666666666 0.7724 0.7085066666666666 0.772 0.7116266666666667 0.7726000000000001 0.7173333333333334 0.7724 0.7238133333333333 0.7722 0.7285066666666666 0.7735599999999999 0.72616 0.7749400000000001 0.7217600000000001 0.77512 0.7264266666666668 0.7763 0.7282399999999999
0 0.10332 0.6994400000000001 0.10306 0.6789866666666666 0.1072 0.6728266666666667 0.11208 0.6754133333333333 0.11231999999999999 0.6806133333333333 0.11134000000000001 0.6929333333333334 0.10892 0.70496 0.10454000000000001 0.7030133333333333
0 0.51338 0.6851999999999999 0.51338 0.6851999999999999 0.51836 0.7065333333333333 0.5093799999999999 0.7091733333333333 0.5063799999999999 0.6878666666666666 0.5063799999999999 0.67056 0.51338 0.6812266666666666
0 0.02368 0.6678666666666666 0.02594 0.68128 0.0272 0.6896533333333333 0.02318 0.7017333333333333 0.0184 0.7050933333333333 0.0121 0.7054133333333332 0.014119999999999999 0.68496 0.013859999999999999 0.68128 0.011859999999999999 0.67792 0.014119999999999999 0.6702133333333333 0.014119999999999999 0.66216 0.015880000000000002 0.6568 0.019899999999999998 0.6574666666666666 0.02116 0.6527733333333333 0.02468 0.6510933333333333 0.02946 0.6527733333333333 0.02544 0.6668533333333333 0.023420000000000003 0.6678666666666666
0 0.23258 0.7039200000000001 0.23258 0.69816 0.23528 0.6933333333333334 0.23366 0.6880533333333333 0.23186 0.6820533333333334 0.2351 0.6705066666666667 0.2378 0.6656799999999999 0.23872 0.66184 0.2398 0.65992 0.24231999999999998 0.66088 0.24376 0.66544 0.24609999999999999 0.66736 0.24681999999999998 0.6772266666666666 0.24556 0.6882933333333334 0.24448 0.6974400000000001 0.24430000000000002 0.70248 0.24430000000000002 0.70296 0.2452 0.70464 0.2452 0.70536 0.2407 0.7056000000000001 0.23908000000000001 0.69552 0.23726 0.6940533333333333 0.2378 0.70152 0.2369 0.7077600000000001 0.23258 0.7056000000000001 0.23186 0.70368
0 0.29158 0.7108266666666667 0.28868 0.7080533333333333 0.2833 0.7063999999999999 0.28122 0.6997866666666667 0.2837 0.6970133333333334 0.28744 0.6970133333333334 0.2895 0.6981333333333334 0.29281999999999997 0.6931466666666667 0.2949 0.6920533333333333 0.29656 0.6920533333333333 0.30318 0.6959200000000001 0.30816000000000004 0.6992266666666667 0.30898000000000003 0.7036533333333334 0.30607999999999996 0.7097333333333333 0.29738 0.7207733333333334 0.29904000000000003 0.7345866666666667 0.29034 0.7368 0.2924 0.7279466666666667 0.29406 0.7213333333333334 0.29572000000000004 0.7169066666666666 0.29738 0.7152533333333334 0.29986 0.7097333333333333 0.30276 0.7063999999999999 0.30151999999999995 0.7041866666666666 0.29819999999999997 0.7047466666666666 0.29572000000000004 0.70696 0.29366000000000003 0.7102666666666667