0 0.41804687500000004 0.5938541666666667 0.41773437500000005 0.5892499999999999 0.4163125 0.5886250000000001 0.41459375 0.5911458333333334 0.41475 0.5930208333333333 0.41285937500000003 0.5936458333333333 0.412234375 0.5945 0.41176562499999997 0.5965833333333334 0.41285937500000003 0.5976250000000001 0.41379687499999995 0.6102083333333332 0.41459375 0.6141875 0.41410937499999995 0.6187916666666666 0.41662499999999997 0.6198333333333333 0.41773437500000005 0.6173333333333333 0.419296875 0.6129166666666667 0.419453125 0.6062291666666667 0.419453125 0.5997291666666666 0.41993749999999996 0.5959583333333334 0.42056250000000006 0.5940833333333334 0.41851562500000006 0.5928125000000001 0.41804687500000004 0.5932291666666667
0 0.599328125 0.5690833333333334 0.599328125 0.5659166666666666 0.598890625 0.5641875 0.594671875 0.56175 0.5938125000000001 0.5652083333333333 0.592734375 0.5618958333333333 0.592734375 0.5584375 0.593265625 0.5565625 0.5921875 0.5536666666666666 0.59315625 0.5507916666666667 0.593703125 0.5495 0.594671875 0.5443125 0.597703125 0.5437291666666667 0.598890625 0.5470416666666666 0.599328125 0.5505 0.601375 0.5535208333333334 0.601375 0.5559791666666667 0.60375 0.5577083333333334 0.604078125 0.5613125 0.6049375 0.5634791666666668 0.6045 0.565625 0.602234375 0.5677916666666667 0.6009375 0.5692291666666667 0.5998593750000001 0.5695208333333334
0 0.61096875 0.5940624999999999 0.610328125 0.5817708333333333 0.610609375 0.5706249999999999 0.6131875 0.5640416666666667 0.6152656249999999 0.5643333333333334 0.615328125 0.5735625 0.6161875 0.5811875000000001 0.614609375 0.59625 0.61246875 0.5942500000000001 0.612109375 0.5896666666666667 0.611609375 0.5935833333333334 0.61140625 0.5950000000000001
0 0.5859062500000001 0.8215208333333333 0.583359375 0.8030208333333333 0.5808125000000001 0.7983750000000001 0.58059375 0.7900416666666668 0.582203125 0.7847916666666667 0.583140625 0.7823333333333333 0.583359375 0.7798541666666666 0.583359375 0.7777083333333333 0.5838281249999999 0.7758541666666667 0.587296875 0.7761666666666667 0.5886875 0.7820208333333334 0.59309375 0.7863541666666667 0.5933125 0.7922083333333333 0.5933125 0.8011666666666667 0.59146875 0.8091875000000001 0.5903125 0.81875 0.58984375 0.8212291666666667 0.585453125 0.8227708333333333
0 0.43590625000000005 0.5453541666666666 0.436609375 0.5391666666666667 0.436609375 0.5353541666666667 0.4376875 0.5341041666666667 0.43851562499999996 0.5332916666666666 0.4376875 0.5290208333333334 0.43685937499999994 0.5264791666666667 0.43578124999999995 0.523625 0.43518749999999995 0.5209166666666667 0.43162500000000004 0.5223541666666667 0.43150000000000005 0.5258541666666666 0.43150000000000005 0.5274375 0.43078125 0.5320416666666666 0.43221875 0.5350416666666666 0.43304687499999994 0.5377500000000001 0.43376562500000004 0.5402916666666666 0.434125 0.5426666666666667 0.434828125 0.5458333333333333
0 0.42874999999999996 0.5839375 0.427671875 0.5695833333333333 0.42857812500000003 0.5626458333333333 0.432703125 0.5592916666666666 0.4330625 0.5729375 0.4330625 0.5817916666666666
0 0.609546875 0.596625 0.6093437500000001 0.5886875 0.61034375 0.5799375 0.61034375 0.5758958333333334 0.6084375 0.5741458333333332 0.606609375 0.5709166666666667 0.60409375 0.5726666666666667 0.6045 0.5787291666666667 0.603078125 0.5802083333333333 0.6035781250000001 0.5839791666666667 0.6041875 0.587875 0.6046875 0.5971666666666666 0.607421875 0.589625 0.609140625 0.596625
0 0.591171875 0.7831875 0.59346875 0.7776041666666667 0.593890625 0.7721874999999999 0.59565625 0.7698333333333333 0.599625 0.7699583333333333 0.5986875 0.7780416666666666 0.598578125 0.7906875 0.5999375 0.8035 0.5980624999999999 0.8062708333333333 0.596078125 0.8090625 0.59315625 0.8083541666666666 0.593671875 0.8041874999999999 0.593359375 0.8027916666666666 0.59284375 0.7861041666666666 0.590546875 0.7840208333333333
0 0.6040625000000001 0.7870416666666666 0.6040625000000001 0.7911874999999999 0.60046875 0.7959583333333333 0.60046875 0.8020208333333334 0.602140625 0.8061666666666666 0.6083489583333332 0.8063819444444444 0.6063229166666667 0.8171180555555556 0.602625 0.8268958333333334 0.61021875 0.82875 0.6090625000000001 0.8178680555555556 0.610765625 0.8179305555555556 0.6113125 0.8071111111111111 0.60971875 0.8067569444444445 0.611859375 0.7962916666666667 0.610375 0.7956458333333334 0.607875 0.7844791666666667 0.6040625000000001 0.7870416666666666
0 0.603046875 0.5466666666666666 0.5997656250000001 0.5372916666666666 0.596484375 0.5303958333333333 0.59178125 0.5316458333333334 0.5913125 0.5422916666666667 0.5913125 0.5441666666666667 0.597421875 0.5429166666666667 0.6021093750000001 0.5441666666666667
0 0.559515625 0.4802916666666667 0.55925 0.47627083333333337 0.5601406250000001 0.47179166666666666 0.5601406250000001 0.4683541666666667 0.5606718749999999 0.4644583333333333 0.5603125 0.46197916666666666 0.558890625 0.45997916666666666 0.5562343750000001 0.4605625 0.555359375 0.46493749999999995 0.555265625 0.46670833333333334 0.5549999999999999 0.4709583333333333 0.5565 0.47295833333333337 0.552875 0.47627083333333337 0.55384375 0.4796875 0.55553125 0.4775625 0.5567656249999999 0.47579166666666667 0.55934375 0.480875
0 0.501453125 0.4688125 0.501328125 0.462625 0.5020781249999999 0.45860416666666665 0.500453125 0.45577083333333335 0.4970625 0.4592916666666667 0.4961875 0.4661458333333333 0.4970625 0.46831249999999996
0 0.597734375 0.4967916666666667 0.597796875 0.488875 0.59709375 0.48858333333333337 0.596609375 0.4876666666666667 0.596546875 0.48541666666666666 0.596546875 0.48410416666666667 0.5961875 0.48243749999999996 0.59521875 0.48206249999999995 0.59528125 0.4793541666666667 0.595625 0.4781458333333333 0.5966875 0.47683333333333333 0.5966875 0.47629166666666667 0.596328125 0.4751666666666667 0.596609375 0.4746875 0.597234375 0.4741458333333333 0.59815625 0.4741458333333333 0.5994843750000001 0.4741458333333333 0.6002500000000001 0.4745 0.600453125 0.47581249999999997 0.59975 0.4769375 0.5996875 0.47739583333333335 0.600953125 0.47860416666666666 0.600953125 0.48112499999999997 0.600953125 0.48206249999999995 0.601296875 0.48214583333333333 0.600671875 0.4834583333333333 0.600875 0.48858333333333337 0.60059375 0.4890625 0.600390625 0.49622916666666667 0.600171875 0.4967916666666667 0.5996875 0.4964166666666667 0.59878125 0.49762500000000004
0 0.509375 0.6302083333333334 0.209375 0.25625