0 0.175546875 0.338 0.174515625 0.33525 0.170703125 0.33339583333333334 0.169671875 0.34260416666666665 0.17140625 0.345375 0.170015625 0.35964583333333333 0.175203125 0.36012500000000003 0.175890625 0.3486041666666667 0.17485937499999998 0.3375416666666667
0 0.395125 0.34602083333333333 0.393609375 0.33977083333333336 0.391796875 0.33675 0.393015625 0.3327291666666667 0.39451562500000004 0.33191666666666664 0.395421875 0.32768749999999996 0.395421875 0.32466666666666666 0.397546875 0.3230625 0.40056250000000004 0.3236666666666667 0.400265625 0.3299166666666667 0.40056250000000004 0.3313125 0.40328125000000004 0.3341458333333333 0.404796875 0.33575 0.40599999999999997 0.3401875 0.40525 0.34179166666666666 0.403734375 0.33977083333333336 0.403578125 0.3405833333333333 0.40267187499999996 0.34400000000000003 0.402828125 0.35427083333333337 0.403578125 0.36172916666666666 0.4034375 0.36616666666666664 0.401015625 0.36514583333333334 0.401015625 0.3556875 0.39904687499999997 0.34883333333333333 0.397546875 0.3575 0.39875 0.36695833333333333 0.39875 0.3687708333333333 0.39664062499999997 0.37118749999999995 0.39528125 0.3691875 0.39496875 0.36152083333333335 0.394671875 0.3530625 0.39421875 0.3468333333333333
0 0.34684375 0.3471041666666667 0.349171875 0.34777083333333336 0.35225 0.3441666666666666 0.354828125 0.3433333333333334 0.3563125 0.34104166666666663 0.3563125 0.3369375 0.353109375 0.33645833333333336 0.350765625 0.33841666666666664 0.3484375 0.3428541666666666 0.34684375 0.34481249999999997
0 0.27571875 0.35258333333333336 0.27535937499999996 0.351625 0.27678125 0.3499583333333333 0.278390625 0.3487708333333333 0.279640625 0.34781249999999997 0.28034375 0.34735416666666663 0.280703125 0.3461666666666667 0.28123437500000004 0.34450000000000003 0.28123437500000004 0.3435416666666667 0.280890625 0.34258333333333335 0.279640625 0.34164583333333337 0.278921875 0.34139583333333334 0.277671875 0.33831249999999996 0.27731249999999996 0.336875 0.277671875 0.33568749999999997 0.27945312499999997 0.33568749999999997 0.28123437500000004 0.33545833333333336 0.282671875 0.3378333333333333 0.28284375 0.34164583333333337 0.28445312500000003 0.3437708333333333 0.28534375 0.34591666666666665 0.28659375 0.34829166666666667 0.288375 0.3497291666666667 0.288203125 0.35020833333333334 0.28498437499999996 0.35258333333333336 0.2835625 0.35258333333333336 0.282671875 0.35210416666666666 0.282140625 0.35210416666666666 0.280890625 0.35258333333333336 0.279640625 0.3530625 0.279640625 0.3575833333333333 0.27945312499999997 0.3578125 0.278921875 0.3582916666666666 0.277671875 0.35970833333333335 0.27714062500000003 0.3599583333333333 0.2760625 0.3599583333333333 0.27571875 0.35970833333333335 0.275171875 0.35877083333333337 0.275 0.3575833333333333 0.2748125 0.35518750000000004
0 0.26015625 0.35864583333333333 0.26015625 0.3496875 0.26015625 0.34435416666666663 0.262046875 0.34239583333333334 0.259515625 0.33875 0.264359375 0.33510416666666665 0.26834375 0.3359375 0.268984375 0.33875 0.266453125 0.341 0.2679375 0.3451875 0.271296875 0.34547916666666667 0.27171875 0.35360416666666666 0.27296875 0.3569583333333333 0.27025 0.3597708333333333 0.2639375 0.36004166666666665 0.25910937500000003 0.36033333333333334
0 0.246625 0.34572916666666664 0.258078125 0.3453125 0.2574375 0.34299999999999997 0.255265625 0.34027083333333336 0.25678125 0.3378125 0.256890625 0.3359375 0.256890625 0.33549999999999996 0.25440625 0.33508333333333334 0.252140625 0.33549999999999996 0.250515625 0.33825000000000005 0.24921875 0.34012499999999996 0.24706250000000002 0.34329166666666666
0 0.2134375 0.34052083333333333 0.21364062499999997 0.33518749999999997 0.21617187499999999 0.33518749999999997 0.21721875000000002 0.33545833333333336 0.21721875000000002 0.34052083333333333 0.21996875 0.34220833333333334 0.2214375 0.34472916666666664 0.21996875 0.35204166666666664 0.212796875 0.35035416666666663 0.21385937500000002 0.34612499999999996 0.2134375 0.34108333333333335
0 0.202578125 0.34979166666666667 0.20295312499999998 0.3445625 0.20309375 0.34160416666666665 0.2044375 0.34091666666666665 0.203171875 0.3381458333333333 0.20235937499999998 0.33470833333333333 0.203328125 0.3327291666666667 0.20642187500000003 0.3324375 0.20798437500000003 0.33579166666666665 0.206796875 0.33954166666666663 0.208640625 0.34287500000000004 0.2089375 0.35175 0.20206249999999998 0.3516666666666667
0 0.28700000000000003 0.35908333333333337 0.287375 0.3530833333333333 0.28853125 0.34810416666666666 0.28853125 0.34606250000000005 0.28853125 0.3418333333333334 0.28890625000000003 0.33697916666666666 0.29121874999999997 0.3340416666666667 0.29428125 0.33558333333333334 0.29474999999999996 0.337625 0.295328125 0.3388958333333333 0.29590625 0.3409583333333333 0.29609375 0.3422291666666667 0.298390625 0.3441458333333333 0.2985 0.3483541666666667 0.2985 0.35385416666666664 0.29859375 0.360875
0 0.2571875 0.34152083333333333 0.258640625 0.33925 0.260078125 0.3355208333333334 0.262203125 0.33529166666666665 0.262453125 0.336875 0.26 0.3386875 0.26153125 0.3424375 0.260328125 0.3446875 0.25990625 0.346625 0.2564375 0.3467291666666667 0.25634375 0.34570833333333334 0.258125 0.345375 0.257625 0.34287500000000004
0 0.369515625 0.3335416666666667 0.372125 0.33064583333333336 0.3725625 0.33179166666666665 0.376046875 0.3370208333333334 0.373875 0.33993749999999995 0.3743125 0.34341666666666665 0.37692187499999996 0.3509791666666667 0.37692187499999996 0.37364583333333334 0.37560937499999997 0.37247916666666664 0.372125 0.3544583333333333 0.369953125 0.35504166666666664 0.36907812500000003 0.3713125 0.367765625 0.3713125 0.367328125 0.3660833333333333 0.367328125 0.34750000000000003 0.367765625 0.3393541666666666 0.369515625 0.33470833333333333
0 0.11281250000000001 0.3455833333333333 0.11560937499999999 0.338875 0.11896875 0.33364583333333336 0.12232812500000001 0.34260416666666665 0.12176562500000002 0.3478333333333333
0 0.20104687499999999 0.3499375 0.19720312499999998 0.34983333333333333 0.19734374999999998 0.34781249999999997 0.197578125 0.34560416666666666 0.19598437500000002 0.3446875 0.196359375 0.342375 0.19824999999999998 0.341875 0.197734375 0.3401666666666667 0.19840625 0.3390416666666667 0.20029687499999999 0.3384375 0.201203125 0.33956250000000004 0.201125 0.3420625 0.20218750000000002 0.34258333333333335 0.2029375 0.343375 0.202484375 0.34962499999999996
0 0.23359375 0.35208333333333336 0.3953125 0.1125