0 0.7536299765807963 1 0.7402341920374707 0.988640625 0.7278454332552694 0.9889687500000001 0.7362763466042154 0.986328125 0.7362763466042154 0.98103125 0.7323185011709602 0.97871875 0.7199297423887588 0.9790468750000001 0.716440281030445 0.9843437500000001 0.716440281030445 0.9879843749999999 0.7104918032786885 0.9889687500000001 0.7020843091334895 0.9922812499999999 0.6976112412177986 0.99690625 0.6985948477751757 0.9985625 0.7015690866510539 1 0.7065339578454333 0.998234375 0.7119906323185011 0.9985625 0.7124824355971897 1 0.7526229508196721 1
0 0.8100702576112412 0.982859375 0.816112412177986 0.980703125 0.8180327868852459 0.979265625 0.8180327868852459 0.976546875 0.8174004683840749 0.9723750000000001 0.8174004683840749 0.967625 0.820632318501171 0.96590625 0.828384074941452 0.96546875 0.8329039812646369 0.9713593749999999 0.832271662763466 0.976390625 0.8344262295081968 0.980859375 0.8404449648711944 0.982859375 0.8436768149882904 0.9855937499999999 0.8464871194379391 0.9893281249999999 0.8563934426229508 0.99825 0.8574707259953162 0.9999687500000001 0.8538173302107728 1 0.8492740046838407 0.9969531249999999 0.8430444964871194 0.9949375 0.836135831381733 0.9947968749999999 0.8326932084309133 0.999390625 0.8247306791569087 0.9996875 0.8156674473067916 0.999109375 0.8102810304449649 0.999390625 0.8074941451990633 0.9942187499999999 0.8072599531615925 0.9863125 0.8100702576112412 0.9824375
0 0.7659718969555035 0.9870156250000001 0.768407494145199 0.985890625 0.7681498829039812 0.98053125 0.7686416861826697 0.9762968750000001 0.7633021077283373 0.9745156250000001 0.7579391100702576 0.9737031249999999 0.750632318501171 0.97403125 0.7479625292740046 0.9774375 0.750632318501171 0.9845937499999999 0.7413817330210772 0.9891406249999999 0.7542857142857142 1 0.7688992974238875 1 0.7679156908665105 0.987515625
0 0.5868384074941452 0.9925 0.5800936768149882 0.9847812499999999 0.5936299765807962 0.977375 0.595175644028103 0.971859375 0.6008665105386417 0.9697812499999999 0.6055269320843092 0.971515625 0.6075878220140515 0.979453125 0.6153629976580796 0.981171875 0.6194847775175644 0.9866875 0.625175644028103 0.991171875 0.62 0.9946249999999999 0.6081030444964872 0.996703125 0.5998360655737704 0.99496875 0.5946604215456675 0.9929062500000001 0.5910538641686183 0.9939375
0 0.6548946135831382 0.987453125 0.6538407494145199 0.9905781250000001 0.6559250585480093 0.98259375 0.6678922716627634 0.979109375 0.6689461358313817 0.9704375000000001 0.679367681498829 0.9683437500000001 0.6824824355971897 0.9707812499999999 0.6840515222482435 0.987453125 0.6850819672131147 0.993359375 0.6850819672131147 0.9968281250000001 0.6762295081967213 1 0.6626932084309134 0.9985781250000001 0.6611241217798595 0.9957968749999999
0 0.5443793911007025 0.96934375 0.5447775175644028 0.9742031250000001 0.5447775175644028 0.980140625 0.5468149882903981 0.98121875 0.5488290398126463 0.98121875 0.5504449648711943 0.987703125 0.5492271662763466 0.9909375 0.5338407494145199 0.9893281249999999 0.5265573770491804 0.9893281249999999 0.5253629976580797 0.9893281249999999 0.5233255269320843 0.986078125 0.5285948477751756 0.9779843749999999 0.5302107728337236 0.977703125 0.5298126463700233 0.9760937500000001 0.5298126463700233 0.9723124999999999 0.5298126463700233 0.967984375 0.5314285714285714 0.9666406249999999 0.5346604215456675 0.966375 0.538711943793911 0.9666406249999999 0.5423419203747073 0.9674531249999999
0 0.5488758782201405 0.9814375 0.5518969555035129 0.9794218750000001 0.5560187353629976 0.9784062499999999 0.5568852459016393 0.976234375 0.5568852459016393 0.9749375 0.5592505854800937 0.9722031250000001 0.5633723653395785 0.97046875 0.5681264637002342 0.9711874999999999 0.5689929742388758 0.9749375 0.5689929742388758 0.9766718750000001 0.5718032786885245 0.9789843749999999 0.5765807962529274 0.979703125 0.578735362997658 0.980421875 0.5802576112412178 0.9838906250000001 0.5783138173302108 0.98909375 0.57807962529274 0.9958750000000001 0.5657611241217799 0.9967499999999999 0.5503747072599532 0.994578125 0.5462763466042154 0.994140625 0.5486651053864169 0.9907812500000001 0.5495316159250586 0.989625 0.550608899297424 0.988046875 0.5497423887587822 0.986015625 0.5490866510538642 0.984140625 0.5488758782201405 0.981828125
0 0.56903981264637 0.9716093750000001 0.5712177985948478 0.969 0.5777049180327869 0.968140625 0.5818032786885247 0.97103125 0.5798594847775176 0.975796875 0.584192037470726 0.982859375 0.5820374707259953 0.987484375 0.580304449648712 0.9954218750000001 0.5787822014051522 0.99528125 0.5772599531615925 0.990671875 0.5787822014051522 0.98590625 0.580304449648712 0.983015625 0.5779156908665105 0.9801249999999999 0.5720608899297425 0.978828125 0.5688290398126463 0.976375 0.5683840749414519 0.97290625
0 0.6180796252927401 0.983359375 0.6184777517564403 0.9803906250000001 0.6217096018735364 0.9774218749999999 0.6217096018735364 0.9739218749999999 0.6217096018735364 0.9696093749999999 0.6265573770491804 0.9685312500000001 0.6322014051522248 0.9701562499999999 0.6350351288056206 0.9731093749999999 0.6334192037470726 0.9779687499999999 0.6342154566744731 0.9812031250000001 0.6342154566744731 0.9844375 0.6338173302107728 0.990359375 0.6305854800936768 0.99225 0.6273536299765808 0.9946718750000001 0.6217096018735364 0.9944062499999999 0.6257377049180328 0.9914375 0.6217096018735364 0.9882031250000001 0.6180796252927401 0.983625
0 0.7694613583138173 0.984515625 0.7800234192037471 0.983015625 0.7762529274004684 0.9749531250000001 0.7807728337236534 0.96990625 0.7966510538641687 0.9739375000000001 0.797400468384075 0.983015625 0.7928571428571429 0.98553125 0.804192037470726 0.9885468749999999 0.8026932084309133 1 0.7702107728337236 1 0.7679391100702577 0.9860312499999999
0 0.6468618266978923 0.972265625 0.6506088992974239 0.96775 0.6551288056206089 0.9672499999999999 0.6581264637002342 0.9672499999999999 0.6626463700234192 0.973265625 0.6641451990632318 0.9737656250000001 0.6618969555035129 0.9777812499999999 0.6581264637002342 0.981296875 0.6573770491803278 0.982796875 0.6558782201405152 0.9848125 0.6588992974238876 0.992328125 0.6596487119437939 0.992828125 0.6573770491803278 0.99734375 0.6468618266978923 0.99734375 0.6423419203747072 0.99434375 0.6400936768149883 0.9898281250000001 0.639344262295082 0.9727656250000001 0.6430913348946137 0.972265625
0 0.6861592505854801 0.99690625 0.6852224824355971 0.988515625 0.6845901639344262 0.976546875 0.6915222482435597 0.97465625 0.7012646370023419 0.974234375 0.7018969555035128 0.97990625 0.7069320843091336 0.9834687499999999 0.712599531615925 0.9836874999999999 0.7154332552693209 0.988515625 0.7072365339578455 0.989984375 0.7028337236533958 0.9922968750000001 0.700632318501171 0.9946093749999999 0.6987587822014052 0.99690625 0.6962295081967214 0.99921875 0.6930913348946136 1 0.688056206088993 0.999859375 0.6861592505854801 0.999015625 0.6858548009367682 0.9975468749999999
0 0.46627634660421546 0.985 0.47442622950819674 0.9772812500000001 0.48192037470725996 0.9768281249999999 0.48259953161592506 0.9672968750000001 0.4914519906323185 0.96546875 0.49824355971896955 0.9709218749999999 0.5064168618266979 0.9731875000000001 0.49824355971896955 0.975921875 0.5050585480093677 0.9818125 0.5145901639344262 0.9922656249999999 0.4628571428571428 0.989078125