0 0.41065573770491803 0.23171875000000003 0.4253161592505855 0.24932812499999998 0.45463700234192034 0.253234375 0.4737002341920375 0.26106250000000003 0.5162295081967213 0.258125 0.5294145199063232 0.25421875 0.55288056206089 0.246390625 0.574871194379391 0.252265625 0.5807259953161592 0.240515625 0.5484777517564402 0.23171875000000003 0.5499531615925058 0.22878125 0.571943793911007 0.226828125 0.5689929742388758 0.213125 0.5470023419203747 0.159328125 0.5426229508196722 0.151515625 0.5147540983606558 0.1661875 0.49423887587822013 0.159328125 0.45903981264637 0.165203125 0.4311943793911007 0.179875 0.41946135831381737 0.20334375 0.42238875878220145 0.213125 0.41505854800936764 0.22389062499999998 0.4092037470725995 0.23171875000000003
0 0.8674941451990633 0.67959375 0.8788524590163934 0.679953125 0.8810070257611241 0.6756249999999999 0.8831615925058548 0.672015625 0.8820843091334895 0.6676875 0.8799297423887589 0.6640937499999999 0.8755971896955503 0.66228125 0.8701873536299766 0.663 0.8669555035128805 0.665171875 0.8664168618266979 0.67021875 0.8648009367681498 0.672375 0.8604683840749415 0.6741875 0.8674941451990633 0.680671875
0 0.9102341920374708 0.676453125 0.9102341920374708 0.6740468749999999 0.9113348946135831 0.672015625 0.9085714285714285 0.66959375 0.9080093676814989 0.6657031250000001 0.9091334894613583 0.662921875 0.9130210772833725 0.661625 0.9205152224824356 0.6644062500000001 0.9224590163934426 0.667 0.9221779859484777 0.66978125 0.9221779859484777 0.6735 0.9232786885245902 0.6779375 0.9163466042154567 0.67775 0.9102341920374708 0.6779375
0 0.38196721311475407 0.745125 0.38320843091334894 0.731359375 0.38196721311475407 0.71928125 0.38573770491803283 0.710015625 0.38868852459016395 0.70159375 0.3988056206088993 0.70075 0.4088992974238876 0.710578125 0.4105854800936768 0.71703125 0.412271662763466 0.734734375 0.40594847775175646 0.738109375 0.402576112412178 0.74934375 0.38236533957845437 0.74653125
0 0.23449648711943794 0.8327187500000001 0.21704918032786888 0.83246875 0.21435597189695552 0.82678125 0.2186182669789227 0.8192812500000001 0.2251990632318501 0.814890625 0.22946135831381734 0.8125625 0.23177985948477753 0.8086874999999999 0.23875878220140515 0.804546875 0.24224824355971897 0.8071406250000001 0.24302107728337236 0.812828125 0.25231850117096016 0.817734375 0.2546370023419204 0.824453125 0.24997658079625293 0.83065625
0 0.18449648711943795 0.813203125 0.1799063231850117 0.8142343750000001 0.1788758782201405 0.816453125 0.1783606557377049 0.818671875 0.17709601873536301 0.820546875 0.1750351288056206 0.822078125 0.1735128805620609 0.8234375 0.1719672131147541 0.8253125000000001 0.1768384074941452 0.827703125 0.1796487119437939 0.82975 0.18501170960187355 0.8292343750000001 0.18552693208430912 0.8304375 0.18730679156908667 0.828734375 0.18730679156908667 0.82565625 0.18653395784543328 0.8234375 0.18679156908665107 0.821390625 0.18756440281030445 0.8196875 0.18833723653395784 0.817984375 0.18833723653395784 0.8161093749999999 0.18807962529274005 0.8140625 0.18501170960187355 0.813375
0 0.05831381733021077 0.73809375 0.059063231850117096 0.734265625 0.06346604215456675 0.7299218749999999 0.061943793911007024 0.7278749999999999 0.06117096018735363 0.723015625 0.06098360655737705 0.7193125 0.062903981264637 0.718171875 0.06386416861826698 0.713953125 0.07323185011709601 0.7129218749999999 0.07899297423887587 0.7134375000000001 0.07763466042154567 0.719703125 0.0797423887587822 0.7222500000000001 0.0797423887587822 0.7249375 0.07859484777517566 0.728 0.08683840749414519 0.72940625 0.08740046838407495 0.736046875 0.08147540983606558 0.7403906250000001 0.08088992974238876 0.7426875 0.07515222482435598 0.74396875 0.0734192037470726 0.74384375 0.06901639344262295 0.7407812500000001 0.061943793911007024 0.7383437500000001
0 0.2503512880562061 0.752546875 0.23391100702576112 0.74803125 0.2319672131147541 0.735125 0.2319672131147541 0.7235 0.23777517564402811 0.718984375 0.2493911007025761 0.7215625
0 0.4195784543325527 0.75334375 0.4298126463700234 0.754203125 0.4285245901639344 0.74353125 0.4304449648711944 0.732859375 0.4336299765807963 0.7213437500000001 0.4349180327868853 0.71665625 0.4298126463700234 0.7132343750000001 0.42915690866510536 0.70640625 0.42213114754098363 0.7025625 0.4163700234192037 0.705546875 0.4195784543325527 0.712375 0.409344262295082 0.717078125 0.41318501170960187 0.734578125 0.4170023419203747 0.745671875 0.41892271662763464 0.754625
0 0.5160889929742389 0.780171875 0.5046370023419203 0.7891250000000001 0.5026697892271662 0.766234375 0.5041451990632319 0.756953125 0.5076346604215456 0.74534375 0.5125995316159251 0.73903125 0.5101170960187353 0.734390625 0.5145901639344262 0.7304062499999999 0.5200702576112411 0.73075 0.5324824355971897 0.748984375 0.5270257611241218 0.76325 0.5180796252927401 0.769890625
0 0.929976580796253 0.6721250000000001 0.9275409836065573 0.6604375 0.9275409836065573 0.655578125 0.9251053864168618 0.6519999999999999 0.9222014051522247 0.648421875 0.9222014051522247 0.644859375 0.929016393442623 0.6403125000000001 0.9338641686182669 0.6419374999999999 0.9367915690866511 0.64615625 0.9402107728337237 0.648421875 0.9455503512880562 0.652328125 0.9479859484777517 0.663046875
0 0.8202341920374707 0.680859375 0.7933723653395784 0.684828125 0.8013817330210773 0.67225 0.7989461358313816 0.66596875 0.800327868852459 0.66084375 0.8020843091334895 0.65759375 0.8048711943793911 0.6566562499999999 0.8114988290398126 0.6587500000000001 0.8167447306791569 0.653390625 0.8226697892271662 0.649203125 0.8268618266978922 0.66246875 0.8226697892271662 0.6680625 0.8327868852459017 0.67178125 0.8275644028103044 0.6794687500000001
0 0.40046838407494145 0.45703125 0.5526932084309133 0.6921875