0 0.5405599999999999 0.93536 0.54088 0.92336 0.54214 0.9172533333333334 0.54404 0.9136799999999999 0.54768 0.91072 0.5487799999999999 0.9082133333333333 0.5487799999999999 0.9027466666666666 0.55098 0.89664 0.55572 0.8949600000000001 0.5584 0.8968533333333333 0.5592 0.9 0.55904 0.90632 0.5593400000000001 0.9105333333333333 0.5614 0.9132533333333334 0.5621799999999999 0.916 0.5625 0.9218933333333332 0.5628200000000001 0.9269333333333334 0.56472 0.9328266666666667 0.56598 0.9406133333333334 0.56502 0.94336 0.5626599999999999 0.9446133333333334 0.5623400000000001 0.9465066666666666 0.56124 0.9494400000000001 0.56092 0.9585066666666666 0.5604600000000001 0.9597600000000001 0.55888 0.9574400000000001 0.55492 0.9551200000000001 0.54752 0.9549333333333334 0.5459400000000001 0.9641866666666666 0.54184 0.9778666666666667 0.54072 0.9789066666666666 0.53946 0.9770133333333333 0.5399400000000001 0.9723733333333333 0.5412 0.9643999999999999 0.5416799999999999 0.9595466666666667 0.5416799999999999 0.9551200000000001 0.5416799999999999 0.9496533333333333 0.54088 0.9469333333333334 0.5405599999999999 0.9465066666666666 0.5397799999999999 0.9460799999999999 0.5393 0.94272 0.5393 0.9366133333333334
0 0.75048 0.9778133333333333 0.75252 0.9680266666666666 0.7584 0.95 0.7587 0.9413866666666666 0.7569400000000001 0.9370666666666666 0.75606 0.9261066666666667 0.75458 0.9202133333333333 0.75606 0.9108266666666667 0.75724 0.9065066666666667 0.75782 0.9033866666666667 0.76076 0.9029866666666667 0.76282 0.9025866666666668 0.7634 0.8974933333333334 0.76516 0.8947466666666666 0.76986 0.89712 0.76898 0.8994666666666667 0.76898 0.9025866666666668 0.7684 0.9057333333333333 0.7684 0.9092533333333334 0.7687 0.9159200000000001 0.7684 0.9225866666666668 0.76752 0.9268799999999999 0.76752 0.9292266666666666 0.7677999999999999 0.9331466666666667 0.7684 0.9354933333333333 0.7687 0.93824 0.7687 0.9405866666666668 0.7684 0.9437333333333333 0.76752 0.9488266666666667 0.76752 0.9546933333333333 0.7681 0.95784 0.77074 0.9629333333333334 0.77162 0.9664533333333334 0.77662 0.9738933333333333 0.77604 0.9758666666666667 0.77134 0.9770399999999999 0.76958 0.9770399999999999 0.7684 0.9731200000000001 0.7669199999999999 0.9668533333333333 0.76516 0.9601866666666666 0.76282 0.9566666666666667 0.76164 0.9660533333333333 0.759 0.9707733333333334 0.759 0.9750666666666666 0.76016 0.9774133333333332 0.76164 0.9797866666666667 0.76076 0.9817333333333332 0.75812 0.98016 0.75634 0.98056 0.75106 0.9797866666666667
0 0.83354 0.9322133333333333 0.82556 0.92728 0.8284 0.9136000000000001 0.83012 0.9052533333333334 0.82868 0.8946133333333334 0.82784 0.8900533333333333 0.82726 0.88016 0.8284 0.8706666666666667 0.8324 0.8630666666666666 0.83354 0.8615466666666666 0.8375199999999999 0.85928 0.8418 0.8626933333333333 0.84066 0.8718133333333333 0.84066 0.8752266666666666 0.8415199999999999 0.8782666666666668 0.8435 0.8839733333333334 0.8432200000000001 0.8892800000000001 0.84094 0.8892800000000001 0.84038 0.8934666666666667 0.84038 0.8984 0.84038 0.9071466666666667 0.84008 0.9098133333333334 0.83866 0.9158933333333332 0.83696 0.9234933333333334 0.83438 0.9291999999999999 0.83324 0.93184
0 0.8252200000000001 0.8822399999999999 0.8231 0.88392 0.8116599999999999 0.8810933333333334 0.81188 0.8765866666666667 0.8150599999999999 0.8610399999999999 0.81674 0.8460799999999999 0.8184400000000001 0.8297066666666666 0.8195 0.8294133333333332 0.81908 0.82264 0.81972 0.8183999999999999 0.8231 0.81784 0.82608 0.81896 0.8273400000000001 0.8260266666666667 0.82798 0.8282933333333333 0.8284 0.83168 0.8284 0.83648 0.8284 0.8415733333333333 0.8277599999999999 0.84496 0.8282 0.8474933333333333 0.82882 0.8494933333333333 0.82862 0.85288 0.82628 0.87832
0 0.57712 0.9996533333333334 0.58828 1 0.5936 0.9918399999999999 0.5952000000000001 0.99752 0.6037 0.9989333333333333 0.59892 0.9876 0.5973200000000001 0.97128 0.60158 0.9677333333333332 0.60104 0.9549866666666667 0.592 0.9535733333333333 0.58828 0.9649066666666666
0 0.90798 0.82656 0.91154 0.83688 0.91346 0.84416 0.91088 0.8480266666666666 0.90832 0.85104 0.90798 0.86048 0.90606 0.8768 0.90188 0.8785333333333333 0.90058 0.8737866666666667 0.90154 0.8532 0.89898 0.8557600000000001 0.89704 0.87208 0.8964 0.8798133333333333 0.8915599999999999 0.8798133333333333 0.8909199999999999 0.8768 0.89318 0.8527466666666665 0.8922 0.85104 0.89286 0.8355733333333333 0.89286 0.8325866666666667 0.8941399999999999 0.8274133333333332 0.89864 0.82184 0.898 0.8171200000000001 0.89608 0.8166933333333333 0.90188 0.8132533333333334 0.9070199999999999 0.8153866666666666 0.90798 0.8188266666666667 0.9096000000000001 0.82056 0.9070199999999999 0.8209866666666666 0.9067000000000001 0.82528
0 0.76122 0.7966666666666666 0.76252 0.7949066666666667 0.763 0.7939733333333333 0.76324 0.7922133333333333 0.7637200000000001 0.79064 0.7642 0.78936 0.7655 0.7885599999999999 0.76622 0.7884 0.7670399999999999 0.7892 0.7674 0.7908000000000001 0.7667999999999999 0.7922133333333333 0.7655 0.7936533333333333 0.7661 0.7952266666666666 0.76646 0.7968266666666667 0.7667999999999999 0.7985599999999999 0.76728 0.80032 0.76728 0.8012533333333334 0.76764 0.8026933333333333 0.76764 0.8036266666666667 0.7661 0.8053866666666666 0.76502 0.8047466666666666 0.76252 0.8009333333333334 0.76062 0.7983999999999999 0.76038 0.7971466666666667
0 0.72142 0.72784 0.72422 0.72784 0.72578 0.72936 0.72564 0.7319733333333334 0.72522 0.7336533333333334 0.72394 0.73384 0.72254 0.7330933333333334
0 0.9458 1 0.9464199999999999 0.9918933333333333 0.95472 0.9910933333333334 0.9556399999999999 1
0 0.18762 0.9944266666666667 0.18706 0.98648 0.19244 0.9812 0.19356 0.9713866666666666 0.19186 0.9578133333333334 0.19044 0.9408266666666667 0.18988 0.9359200000000001 0.18394 0.9272266666666666 0.17884 0.9347733333333333 0.18081999999999998 0.9551466666666667 0.17856 0.9789333333333334 0.17998 0.99328 0.19016 0.9974400000000001
0 0.11258 0.9991466666666667 0.11682 0.9912533333333334 0.12052 0.9868266666666666 0.11996 0.9823999999999999 0.12440000000000001 0.9762399999999999 0.13124 0.97648 0.13269999999999998 0.9816533333333334 0.1305 0.9890399999999999 0.13456 0.9925066666666666 0.13326 0.9964266666666667 0.13456 1 0.1124 0.9993866666666666
0 0.69312 0.96016 0.70248 0.9663999999999999 0.70514 0.9649066666666666 0.71116 0.96848 0.71496 0.9649066666666666 0.71496 0.9325333333333333 0.71296 0.9132 0.71028 0.9001333333333333 0.70626 0.9001333333333333 0.70716 0.8932800000000001 0.70404 0.8888266666666667 0.70002 0.8894133333333333 0.6964600000000001 0.8977333333333333 0.6964600000000001 0.904 0.6926599999999999 0.90904 0.68798 0.9236000000000001 0.69244 0.9185599999999999
0 0.592 0.8213333333333334 0.812 0.352