0 0.314171875 0.7116666666666667 0.33982812500000004 0.705375 0.3560625 0.7025833333333333 0.35920312499999996 0.6997916666666666 0.35815625 0.688625 0.354484375 0.6781458333333333 0.34767187499999996 0.664875 0.33982812500000004 0.6572083333333333 0.32359375 0.6509166666666667 0.3173125 0.6523125000000001 0.302640625 0.6613958333333334 0.292703125 0.6669791666666666 0.287984375 0.6802499999999999 0.283796875 0.6809375000000001 0.27018749999999997 0.6816458333333333 0.27018749999999997 0.688625 0.28640625000000003 0.6962916666666668 0.28693749999999996 0.6956041666666667 0.28640625000000003 0.6983958333333333 0.2843125 0.7046875 0.30212500000000003 0.7102708333333333 0.322015625 0.7095625
0 0.178453125 0.74325 0.178140625 0.73275 0.1759375 0.7291875 0.172 0.7287708333333334 0.1680625 0.7323333333333333 0.167421875 0.7371666666666666 0.167421875 0.7424166666666667 0.167421875 0.7440833333333334 0.166484375 0.7451458333333334 0.162859375 0.7482916666666667 0.161921875 0.753125 0.1608125 0.7732708333333334 0.16143749999999998 0.7785208333333333 0.161765625 0.7827291666666666 0.16459375 0.7814583333333334 0.166484375 0.7573124999999999 0.1680625 0.7772708333333332 0.166484375 0.7822916666666667 0.17578125 0.7858750000000001 0.18459375 0.7839791666666667 0.18003125 0.7552083333333334 0.18270312500000002 0.7711666666666667 0.18459375 0.7785208333333333 0.185375 0.7802083333333333 0.186640625 0.7795625 0.186953125 0.7678125 0.182390625 0.7512291666666666 0.182078125 0.7476666666666667 0.18159375 0.7466041666666666
0 0.70796875 0.5695416666666666 0.708109375 0.5711458333333332 0.704796875 0.5798125 0.7043437499999999 0.583625 0.705546875 0.5866458333333333 0.710375 0.5878541666666667 0.7126406249999999 0.5878541666666667 0.715359375 0.58 0.717171875 0.578 0.71671875 0.5749791666666667 0.71325 0.57075 0.708875 0.5675208333333334
0 0.073421875 0.7840416666666666 0.076125 0.7788541666666667 0.082390625 0.7695000000000001 0.08465625 0.764875 0.084984375 0.762 0.0884375 0.7596875 0.093625 0.7604166666666666 0.09406250000000001 0.7641666666666667 0.094703125 0.767625 0.0931875 0.7706458333333334 0.091890625 0.7715 0.09028125000000001 0.7738125 0.0900625 0.7749583333333334 0.092546875 0.778125 0.094921875 0.780875 0.098375 0.7811666666666667 0.107265625 0.7809791666666667 0.11182812499999999 0.7771875 0.116234375 0.7804791666666666 0.113203125 0.7826875 0.108359375 0.7837916666666668 0.104328125 0.7824375 0.098390625 0.7825624999999999 0.09628125 0.7843958333333333 0.091703125 0.7838958333333333 0.088140625 0.785375 0.082921875 0.7855000000000001 0.07670312500000001 0.78525 0.07368749999999999 0.7842708333333334
0 0.66878125 0.5858958333333334 0.668640625 0.5814791666666667 0.66634375 0.5818125 0.6651875 0.5797708333333333 0.66659375 0.5777291666666666 0.6676249999999999 0.5760208333333333 0.668390625 0.5755 0.668640625 0.5715833333333333 0.6696718749999999 0.5702083333333333 0.6717187499999999 0.5702083333333333 0.6720937499999999 0.5708958333333333 0.6726093750000001 0.5741458333333332 0.675296875 0.5756666666666667 0.6759375000000001 0.5772083333333333 0.676453125 0.5794166666666667 0.67453125 0.5804375 0.674015625 0.583 0.67428125 0.5852291666666667 0.67428125 0.5865833333333333 0.671078125 0.5869375 0.66878125 0.5872708333333333
0 0.530578125 0.5831875 0.530578125 0.5793750000000001 0.5318906250000001 0.5754583333333334 0.5309375000000001 0.5773333333333334 0.529625 0.5772291666666667 0.52946875 0.5737083333333334 0.530796875 0.570375 0.533296875 0.5693958333333333 0.5338125 0.5692083333333334 0.533296875 0.5678333333333333 0.532625 0.5656874999999999 0.532703125 0.5644166666666667 0.533578125 0.5632291666666667 0.534984375 0.5631458333333333 0.535859375 0.563625 0.53659375 0.5651875000000001 0.536078125 0.5685208333333333 0.53659375 0.5693958333333333 0.5384218749999999 0.5706666666666667 0.538796875 0.5756666666666667 0.538203125 0.5787916666666667 0.5373281249999999 0.5787916666666667 0.537765625 0.5831875 0.535203125 0.5841666666666666 0.532484375 0.5839791666666667 0.530875 0.5836875
0 0.80821875 0.5645416666666667 0.8059531249999999 0.5695833333333333 0.8059531249999999 0.5796250000000001 0.80821875 0.5806458333333333 0.809734375 0.5851666666666666 0.8168906249999999 0.5861666666666667 0.81765625 0.5856666666666667 0.8165156250000001 0.5776249999999999 0.8165156250000001 0.5720833333333334 0.815390625 0.5690624999999999 0.8119999999999999 0.5675625 0.810484375 0.5655416666666666
0 0.8369687499999999 0.577125 0.8368437500000001 0.5724166666666667 0.8383749999999999 0.5696041666666667 0.8383749999999999 0.5658333333333334 0.8403750000000001 0.5641041666666666 0.8432031249999999 0.5670833333333333 0.84296875 0.5685 0.8430781250000001 0.5710208333333333 0.844265625 0.5735208333333334 0.844375 0.5761875 0.8445 0.5794791666666667 0.8439062500000001 0.5799583333333334 0.84084375 0.5799583333333334 0.83896875 0.5794791666666667 0.8377812499999999 0.5788541666666667
0 0.18743749999999998 0.5696666666666667 0.18759375 0.5676666666666667 0.188796875 0.5664583333333333 0.191359375 0.5664583333333333 0.192578125 0.5700833333333333 0.193484375 0.5725 0.19439062499999998 0.590625 0.188796875 0.5900208333333333 0.189859375 0.5783333333333334 0.186375 0.5775208333333333 0.184421875 0.5741041666666666 0.18759375 0.5720833333333334 0.18909375 0.5714791666666666
0 0.43860937499999997 0.7346458333333333 0.43348437500000003 0.7196041666666667 0.439640625 0.7100208333333333 0.44681249999999995 0.7018333333333333 0.454 0.7031875 0.454 0.7141249999999999 0.454 0.7209583333333334 0.44887499999999997 0.7318958333333333 0.44067187499999994 0.737375
0 0.17178125 0.570375 0.16885937499999998 0.5700000000000001 0.169828125 0.5737083333333334 0.169421875 0.5759375 0.16829687499999998 0.5822291666666667 0.16343749999999999 0.5827916666666667 0.1671875 0.5853750000000001 0.169421875 0.5838958333333333 0.16815625 0.5898333333333333 0.174 0.5894583333333333 0.175390625 0.5864999999999999 0.17246875 0.5837083333333334 0.175390625 0.5798333333333333 0.17470312500000001 0.5748125000000001 0.17246875 0.5722291666666667 0.17303125 0.5698124999999999
0 0.219578125 0.77725 0.223921875 0.7776666666666666 0.2265 0.7738125 0.224078125 0.7710208333333333 0.22425 0.7660833333333333 0.22665625 0.762 0.229890625 0.759625 0.23229687499999999 0.7602708333333333 0.23342187499999997 0.7647916666666668 0.234875 0.7677916666666668 0.23875000000000002 0.7677916666666668 0.2401875 0.7796041666666667 0.230359375 0.7776666666666666 0.22553125000000002 0.7811041666666667 0.220859375 0.7815416666666667 0.21779687499999997 0.7770208333333334