0 0.507546875 0.6481250000000001 0.5077499999999999 0.6450416666666666 0.5121875 0.6422083333333333 0.514125 0.6434791666666667 0.5152812499999999 0.6496875000000001 0.5139375 0.6540625 0.51315625 0.6566458333333334 0.5143125000000001 0.6605000000000001 0.5177968749999999 0.6638541666666666 0.519546875 0.6674791666666666 0.5235937500000001 0.6733958333333334 0.5263125 0.6759791666666667 0.524375 0.6777916666666666 0.51296875 0.6790833333333333 0.5077499999999999 0.67675 0.502515625 0.6654166666666667 0.50078125 0.6584375 0.50096875 0.6543125
0 0.523015625 0.6689583333333334 0.5250781250000001 0.6653125000000001 0.527671875 0.6640208333333334 0.52834375 0.6605624999999999 0.53028125 0.6600833333333332 0.532578125 0.6595208333333333 0.53209375 0.6549166666666667 0.532765625 0.6529791666666667 0.53421875 0.6520208333333334 0.535421875 0.6521666666666667 0.5373593750000001 0.653625 0.53790625 0.6552291666666666 0.538140625 0.6570833333333332 0.5378437500000001 0.6591041666666667 0.5368125 0.6613749999999999 0.536453125 0.6621041666666667 0.53596875 0.6632291666666668 0.536453125 0.6648333333333334 0.53790625 0.6675833333333333 0.5385156249999999 0.6693541666666667 0.53978125 0.6719375 0.539484375 0.6737083333333334 0.53403125 0.6749166666666666 0.531609375 0.6762916666666666 0.528703125 0.6758124999999999 0.526765625 0.67225 0.526046875 0.6704791666666666
0 0.8383906250000001 0.6393333333333333 0.8397500000000001 0.6345208333333333 0.84140625 0.6311041666666667 0.8411093749999999 0.6285000000000001 0.840796875 0.6250833333333333 0.84140625 0.6206458333333333 0.8411093749999999 0.6186458333333333 0.840203125 0.6154375000000001 0.840796875 0.6116041666666666 0.8423125 0.609 0.8438125 0.6073958333333334 0.845328125 0.605375 0.84728125 0.6037708333333334 0.8481875000000001 0.6041666666666666 0.8483437500000001 0.6075833333333333 0.84803125 0.6118125 0.84984375 0.6136250000000001 0.8501406250000001 0.6168333333333333 0.8489375000000001 0.6194583333333333 0.849234375 0.623875 0.8502968750000001 0.6274791666666667 0.851046875 0.6347291666666667 0.85059375 0.6375416666666667 0.8516562499999999 0.6387291666666666 0.851953125 0.6387291666666666 0.8516562499999999 0.6397499999999999 0.851046875 0.64075 0.85 0.6411458333333333 0.84984375 0.6405416666666667 0.848484375 0.6371249999999999 0.8477343749999999 0.6347291666666667 0.8466875 0.6301041666666667 0.8450156249999999 0.6319166666666667 0.8430624999999999 0.6375416666666667 0.840796875 0.64175
0 0.420984375 0.6039791666666667 0.420984375 0.6039791666666667 0.422453125 0.6048333333333333 0.42356249999999995 0.6105833333333333 0.42356249999999995 0.6110833333333333 0.425484375 0.6102291666666667 0.4263125 0.6088749999999999 0.425484375 0.6074166666666667 0.425015625 0.6042291666666666 0.42484374999999996 0.5991041666666667 0.42484374999999996 0.5989791666666666 0.42557812500000003 0.5951875 0.425203125 0.5888333333333333 0.423828125 0.5868749999999999 0.424296875 0.5839375 0.42318749999999994 0.5832083333333333 0.42135937500000004 0.5832083333333333 0.42135937500000004 0.5832083333333333 0.42126562500000003 0.5850416666666667 0.42126562500000003 0.5851458333333334 0.421078125 0.5864999999999999 0.41934375 0.5876041666666667 0.41759375 0.5893125 0.416671875 0.5913958333333333 0.41714062500000004 0.5931041666666667 0.41814062500000004 0.5931041666666667 0.41823437500000005 0.5954166666666667 0.41832812500000005 0.5984791666666667 0.41804687500000004 0.6050833333333333 0.41778125 0.6075208333333334 0.41778125 0.6093541666666666 0.41778125 0.6096041666666667 0.41612499999999997 0.6107083333333333 0.41603124999999996 0.6114375 0.417875 0.6126666666666666 0.42043749999999996 0.6126666666666666 0.42126562500000003 0.6105833333333333 0.42126562500000003 0.6103333333333333 0.420984375 0.6076458333333333 0.4208125 0.6044791666666666 0.4208125 0.6044791666666666
0 0.16924999999999998 0.599875 0.166734375 0.5997291666666666 0.16693750000000002 0.5947708333333334 0.16753125 0.5879375 0.168140625 0.581375 0.168140625 0.577875 0.16893750000000002 0.5770833333333333 0.16884375000000001 0.574125 0.17054687500000001 0.5734583333333333 0.1715625 0.5749375000000001 0.17165625 0.5770833333333333 0.176890625 0.5832499999999999 0.175984375 0.58525 0.17296875 0.5820416666666667 0.172359375 0.5884791666666668 0.1725625 0.599875 0.17034375 0.6002708333333333 0.169640625 0.5916875 0.169140625 0.5986666666666667
0 0.783640625 0.6175416666666667 0.78428125 0.611625 0.784828125 0.6064166666666666 0.7846093749999999 0.6007916666666666 0.785265625 0.5957291666666666 0.7885156249999999 0.59775 0.789484375 0.5997708333333333 0.79025 0.6015208333333334 0.789921875 0.6168125 0.789921875 0.6175416666666667 0.78915625 0.6185416666666667 0.788078125 0.6171041666666667 0.786671875 0.6129166666666667 0.786015625 0.6168125 0.786671875 0.6202916666666667
0 0.950984375 0.584 0.949171875 0.5802916666666668 0.9496718749999999 0.5739375 0.9508125 0.5724166666666667 0.952296875 0.5774375 0.95525 0.583125
0 0.624921875 0.6328125 0.6248125 0.6293541666666667 0.62546875 0.6261666666666666 0.626 0.6211041666666667 0.628828125 0.6164583333333333 0.631765625 0.6189166666666667 0.631765625 0.6241458333333333 0.631765625 0.62775 0.6339375 0.628625 0.637078125 0.6281874999999999 0.638375 0.6328125 0.6369687500000001 0.6341249999999999 0.630671875 0.635125 0.6256875 0.635
0 0.65159375 0.6318333333333332 0.6538906250000001 0.6287916666666666 0.6526875000000001 0.6258750000000001 0.652796875 0.6217708333333333 0.655484375 0.6203125 0.657359375 0.6222916666666667 0.656875 0.6250833333333333 0.657265625 0.6265416666666667 0.66015625 0.6289166666666667 0.65865625 0.6319791666666668 0.65528125 0.6321041666666667
0 0.652390625 0.6424375 0.655625 0.643625 0.660625 0.6451875 0.6709375 0.6459791666666667 0.6750625 0.649125 0.685078125 0.6499166666666666 0.683015625 0.6514791666666666 0.658859375 0.6510833333333333 0.651203125 0.649125 0.647671875 0.6459791666666667 0.6503281249999999 0.6420625
0 0.892453125 0.642625 0.8952500000000001 0.642625 0.8955781249999999 0.63825 0.8957499999999999 0.6314583333333333 0.8957499999999999 0.6246666666666666 0.895421875 0.6220416666666666 0.8964062500000001 0.6205208333333334 0.8964062500000001 0.6183333333333334 0.89528125 0.6171875 0.894359375 0.6163541666666668 0.8931093750000001 0.6169791666666666 0.8928750000000001 0.6187291666666667 0.8927968749999999 0.6209166666666667 0.8932656250000001 0.6219374999999999 0.892328125 0.6223541666666667 0.891796875 0.6309583333333334 0.891875 0.6388125 0.8921875 0.6398541666666666
0 0.6169374999999999 0.6053333333333334 0.616265625 0.59675 0.615921875 0.5913333333333333 0.6193125 0.5881666666666666 0.6213437500000001 0.5940416666666667 0.619984375 0.6008125