0 0.45 0.5574583333333333 0.46517187499999996 0.5304791666666666 0.46517187499999996 0.44958333333333333 0.4971875 0.35070833333333334 0.52921875 0.2765625 0.534265625 0.24285416666666665 0.514046875 0.24285416666666665 0.42471875 0.25858333333333333 0.40112500000000006 0.24508333333333335 0.4028125 0.20689583333333333 0.482015625 0.222625 0.535953125 0.20689583333333333 0.5561875 0.17991666666666667 0.5528125 0.14172916666666666 0.583140625 0.13497916666666668 0.584828125 0.17991666666666667 0.62190625 0.20014583333333333 0.62528125 0.18891666666666668 0.616859375 0.15520833333333334 0.613484375 0.10352083333333333 0.6438125 0.08554166666666667 0.6505625 0.13272916666666668 0.6505625 0.19341666666666668 0.633703125 0.24285416666666665 0.611796875 0.2630625 0.583140625 0.33947916666666667 0.5780937500000001 0.5125 0.57640625 0.6023958333333332 0.5511250000000001 0.5686875 0.5460625 0.3956458333333333 0.534265625 0.38666666666666666 0.514046875 0.4361041666666667 0.488765625 0.5552083333333333 0.46010937500000004 0.5597083333333334
0 0.08178125 0.6046250000000001 0.03553125 0.6046250000000001 0.026187500000000002 0.5457291666666666 0.032421875 0.50625 0.049046875000000004 0.4847708333333333 0.0459375 0.46952083333333333 0.0526875 0.44735416666666666 0.06671875000000001 0.43972916666666667 0.081265625 0.4438958333333333 0.0859375 0.45427083333333335 0.08490625 0.5013958333333333 0.10465625 0.522875 0.11296874999999999 0.5824583333333333 0.10671875 0.5900833333333334 0.12128125000000001 0.597 0.11660937499999999 0.6101666666666666
0 0.325078125 0.4696458333333334 0.32265625 0.48000000000000004 0.32265625 0.49616666666666664 0.3173125 0.5084583333333333 0.311984375 0.5149374999999999 0.39832812500000003 0.5446875 0.368734375 0.5039374999999999 0.3541875 0.4858333333333333 0.35078125 0.46641666666666665 0.34303125 0.45672916666666663 0.33381249999999996 0.45672916666666663
0 0.365328125 0.49241666666666667 0.362515625 0.4673125 0.36721875000000004 0.45727083333333335 0.37475 0.4585208333333333 0.38040625 0.47735416666666663 0.39075000000000004 0.49491666666666667 0.401109375 0.5049583333333333 0.401109375 0.5275624999999999 0.401109375 0.5300833333333334
0 0.41345312500000003 0.5276041666666667 0.41615624999999995 0.49266666666666664 0.421578125 0.47100000000000003 0.41526562499999997 0.4529375 0.421578125 0.434875 0.43603125 0.434875 0.43875000000000003 0.4432916666666667 0.44145312499999995 0.4625625 0.44145312499999995 0.47100000000000003 0.451390625 0.47702083333333334 0.459515625 0.5035208333333333 0.46312499999999995 0.533625 0.457703125 0.5492708333333333 0.43332812499999995 0.5504791666666667 0.42790625000000004 0.5565 0.40803124999999996 0.5456666666666667
0 0.667390625 0.49495833333333333 0.667390625 0.4869583333333333 0.66246875 0.4775 0.666296875 0.4702083333333333 0.674484375 0.46658333333333335 0.682125 0.4702083333333333 0.688671875 0.48039583333333336 0.688671875 0.49131250000000004 0.687578125 0.5000625 0.6963125 0.5153333333333333 0.70559375 0.535 0.708328125 0.5619166666666667 0.707234375 0.5772083333333333 0.653734375 0.5721041666666667 0.6575624999999999 0.5517291666666666 0.660828125 0.5211666666666667 0.666296875 0.5022291666666666 0.667390625 0.4964166666666667
0 0.634859375 0.5217083333333333 0.630484375 0.5139375 0.6290312499999999 0.497125 0.6319375 0.48612500000000003 0.6401875 0.4841875 0.647953125 0.4938958333333333 0.651828125 0.5132916666666667 0.658625 0.5217083333333333 0.658625 0.5482083333333333 0.6542656250000001 0.575375 0.63096875 0.5721458333333334 0.6251562500000001 0.5708541666666667 0.627578125 0.5469166666666666 0.62709375 0.5255833333333333
0 0.22342187500000002 0.48412499999999997 0.21196874999999998 0.47589583333333335 0.20990625000000002 0.4621875 0.21226562499999999 0.45435416666666667 0.21871875 0.452 0.22578125 0.452 0.232828125 0.4531875 0.23576562499999998 0.4567083333333333 0.23753125000000003 0.46493749999999995 0.236359375 0.47237500000000004 0.23546874999999998 0.47552083333333334 0.24428125 0.4813958333333333 0.24517187499999998 0.4911875
0 0.29359375 0.4782083333333333 0.3026875 0.48391666666666666 0.30571875 0.49152083333333335 0.3051875 0.5015208333333333 0.304296875 0.5107916666666666 0.304296875 0.5110208333333334 0.29948437499999997 0.5115000000000001 0.28484375 0.5036666666666666 0.281640625 0.49225 0.285390625 0.47939583333333335 0.285390625 0.47939583333333335
0 0.53665625 0.46397916666666666 0.532015625 0.4656666666666667 0.52990625 0.467625 0.528640625 0.4726875 0.528859375 0.48110416666666667 0.529484375 0.48533333333333334 0.52990625 0.48841666666666667 0.526328125 0.49404166666666666 0.5233749999999999 0.5035833333333334 0.522953125 0.5134166666666666 0.5233749999999999 0.5260625 0.526328125 0.5434791666666666 0.5273749999999999 0.5572291666666668 0.527171875 0.5651041666666666 0.52653125 0.5676249999999999 0.52653125 0.5681875000000001 0.55034375 0.56875 0.549921875 0.5167916666666666 0.549296875 0.4985208333333333 0.549296875 0.49122916666666666 0.547390625 0.48672916666666666 0.54465625 0.4819583333333333 0.54403125 0.47887500000000005 0.5431874999999999 0.4704375 0.54234375 0.46791666666666665 0.5404375 0.46649999999999997
0 0.189453125 0.6739375 0.19398437500000001 0.6413541666666667 0.17859375 0.6316875 0.184015625 0.5954791666666667 0.187640625 0.5568541666666668 0.191265625 0.5278958333333333 0.19398437500000001 0.5049583333333333 0.22746875000000003 0.5194375 0.23923437500000003 0.5508124999999999 0.24104687500000002 0.5689166666666666 0.23742187499999998 0.6292708333333333 0.23109375000000001 0.6666875 0.20665624999999999 0.6763541666666666 0.193078125 0.6763541666666666