0 0.149203125 0.898375 0.158015625 0.891953125 0.16514062499999999 0.890296875 0.17109375 0.8893437499999999 0.175375 0.888859375 0.17821875 0.891953125 0.17821875 0.895515625 0.17465625 0.900515625 0.17109375 0.898609375 0.1715625 0.907890625 0.17179687500000002 0.91121875 0.17179687500000002 0.91503125 0.170375 0.9155 0.166328125 0.912890625 0.163953125 0.907890625 0.162296875 0.907890625 0.16514062499999999 0.9181250000000001 0.159671875 0.9178750000000001 0.15753124999999998 0.912171875 0.15396875000000002 0.9083593750000001 0.15278125 0.9062187500000001
0 0.167421875 0.851421875 0.168515625 0.8448593750000001 0.166109375 0.8391718750000001 0.164578125 0.838515625 0.164359375 0.836546875 0.166328125 0.8354531250000001 0.166765625 0.832609375 0.16764062500000002 0.8306250000000001 0.173328125 0.827125 0.173109375 0.8317343749999999 0.17815625 0.840921875 0.1775 0.8411406250000001 0.17376562499999998 0.8391718750000001 0.171140625 0.851421875
0 0.375890625 0.8340624999999999 0.378109375 0.83184375 0.375515625 0.8301718749999999 0.373484375 0.8268437499999999 0.376453125 0.8264687500000001 0.37829687500000003 0.8234999999999999 0.3825625 0.825546875 0.384046875 0.8301718749999999 0.3821875 0.83203125 0.38275000000000003 0.838140625 0.3821875 0.839265625 0.378671875 0.838328125 0.378671875 0.8364843750000001 0.378484375 0.838890625 0.37756249999999997 0.8396250000000001 0.376078125 0.839265625 0.37515624999999997 0.8370312500000001
0 0.369375 0.8333281250000001 0.378375 0.8063125 0.396390625 0.801796875 0.39865625 0.822078125 0.40090624999999996 0.8423437500000001 0.376125 0.8423437500000001 0.373875 0.84009375
0 0.768390625 0.8087031250000001 0.769796875 0.8129531249999999 0.77121875 0.8129531249999999 0.7740625 0.80728125 0.77121875 0.803734375 0.76909375 0.8051562499999999
0 0.5914843750000001 0.866875 0.58771875 0.8623125 0.584484375 0.8592187499999999 0.582875 0.8557343749999999 0.58421875 0.8530468750000001 0.581671875 0.8515625 0.57925 0.8508906250000001 0.5775 0.8500937499999999 0.575359375 0.8483437500000001 0.573609375 0.8483437500000001 0.5710625 0.849015625 0.5694375 0.854125 0.570109375 0.8588125 0.574421875 0.86096875 0.578453125 0.8659375 0.58153125 0.8694375000000001 0.582609375 0.8694375000000001 0.58421875 0.8682187499999999 0.588796875 0.868359375 0.5914843750000001 0.8684843750000001
0 0.5133593750000001 0.8188593750000001 0.512421875 0.82440625 0.512 0.829640625 0.5138906249999999 0.829640625 0.514203125 0.8261875 0.51525 0.8257656250000001 0.51534375 0.8294218750000001 0.5156562499999999 0.8301562499999999 0.51734375 0.829953125 0.5175468750000001 0.82890625 0.5174375 0.8274374999999999 0.5174375 0.8265 0.5175468750000001 0.825234375 0.5175468750000001 0.8242968749999999 0.517859375 0.82325 0.51775 0.8216875 0.517859375 0.8200156249999999 0.5180625 0.8186406249999999 0.51775 0.81728125 0.5175468750000001 0.815828125 0.51734375 0.81509375 0.5161875 0.81478125 0.51525 0.815609375 0.5149375 0.816234375 0.514515625 0.817390625
0 0.4258125 0.82484375 0.426546875 0.8176875000000001 0.43121875000000004 0.8168124999999999 0.431515625 0.820328125 0.431078125 0.8213437499999999 0.430484375 0.823234375 0.430640625 0.829375 0.430640625 0.8305468749999999 0.42728124999999995 0.8285
0 0.14346874999999998 0.848609375 0.143953125 0.8428437499999999 0.142984375 0.836828125 0.14346874999999998 0.8324999999999999 0.14515625000000001 0.8312968749999999 0.145640625 0.8279375 0.14876562499999998 0.8279375 0.149484375 0.832265625 0.15309375 0.835625 0.1506875 0.8416406249999999 0.152125 0.8459687499999999 0.14996875 0.846453125 0.14756249999999999 0.843328125 0.146828125 0.8466875
0 0.490546875 0.83025 0.490546875 0.822265625 0.48940625000000004 0.8188437499999999 0.48865625 0.8188437499999999 0.487125 0.82075 0.48674999999999996 0.8260624999999999 0.487125 0.829484375 0.487890625 0.8321406250000001 0.48865625 0.8321406250000001
0 0.3688125 0.82228125 0.36531250000000004 0.8255156250000001 0.364328125 0.82975 0.364328125 0.83125 0.3655625 0.8344843750000001 0.3663125 0.83771875 0.3685625 0.83771875 0.369546875 0.8334843749999999 0.36906249999999996 0.82925 0.369546875 0.8260156249999999
0 0.08703125 0.9251250000000001 0.087296875 0.92025 0.091640625 0.9177031250000001 0.095484375 0.9184687500000001 0.096125 0.919875 0.096125 0.9226875 0.095484375 0.9251250000000001 0.09446875 0.9270468749999999 0.0935625 0.9303750000000001 0.09215625 0.93075 0.08921875 0.93075 0.086265625 0.930109375
0 0.5074062500000001 0.8198281250000001 0.5078750000000001 0.8184374999999999 0.508328125 0.8178281249999999 0.508640625 0.816453125 0.5089375 0.8149218749999999 0.5101718749999999 0.8149218749999999 0.511234375 0.8153750000000001 0.511546875 0.81721875 0.51246875 0.8184374999999999 0.51246875 0.819359375 0.51246875 0.8202812500000001 0.5118437499999999 0.8227343749999999 0.511234375 0.8280937500000001 0.5095468750000001 0.8288593750000001 0.5075624999999999 0.828703125 0.50771875 0.8245625000000001 0.508484375 0.8234999999999999 0.50725 0.8213593749999999
0 0.66484375 0.8125 0.5046875 0.040625