0 0 0.5348333333333334 0.087640625 0.5348333333333334 0.12640625 0.5640416666666667 0.161796875 0.6584166666666668 0.17190624999999998 0.7280833333333334 0.192140625 0.8314583333333334 0.22078125 0.8898958333333333 0.20393750000000002 0.99775 0.0033750000000000004 0.9954999999999999
0 0.8078749999999999 0.9509375 0.77496875 0.8245833333333333 0.7302187499999999 0.6420833333333333 0.75128125 0.6140000000000001 0.803921875 0.6087291666666667 0.84078125 0.6350625 0.8473593749999999 0.6859583333333333 0.83025 0.7228125 0.81971875 0.7438541666666667 0.81840625 0.7561458333333333 0.838140625 0.7807083333333333 0.86315625 0.8087916666666667 0.880265625 0.8596874999999999 0.8828906249999999 0.9368958333333333 0.8763125 0.9912916666666667 0.8723750000000001 1 0.8210312500000001 1
0 0.17565625 0.6972083333333334 0.15915625 0.6427916666666668 0.146125 0.6034375 0.14265624999999998 0.5710208333333333 0.15221875 0.5432291666666667 0.18260937500000002 0.5235416666666667 0.2051875 0.5200625 0.234703125 0.5281666666666667 0.24512499999999998 0.5501666666666666 0.255546875 0.5721666666666666 0.271171875 0.5918541666666666 0.271171875 0.6080625000000001 0.2859375 0.6393125000000001 0.284203125 0.6532083333333334 0.2529375 0.6809999999999999 0.27725 0.6948958333333334 0.278125 0.6983750000000001 0.25206249999999997 0.7446875 0.23990625 0.8268749999999999 0.23296875 0.8755208333333333 0.201703125 0.8373125 0.193015625 0.8083541666666666 0.185203125 0.7933125000000001 0.178265625 0.7400416666666667 0.18346875 0.7064791666666667
0 0.910765625 0.7344583333333333 0.947625 0.7590208333333333 1 0.8240625 1 0.663625 0.9725625000000001 0.6405 0.94003125 0.5754583333333334 0.9216093750000001 0.5638958333333334 0.894515625 0.5798125 0.88584375 0.6101458333333334 0.9042656250000001 0.650625 0.9194375000000001 0.6665208333333333 0.9411250000000001 0.6910833333333334 0.937875 0.7084375 0.89234375 0.683875 0.9075156249999999 0.7402291666666667
0 0.079984375 0.3781458333333333 0.08657812499999999 0.39791666666666664 0.083828125 0.41916666666666663 0.083828125 0.4375 0.083828125 0.4484791666666667 0.07668749999999999 0.45214583333333336 0.069546875 0.442625 0.06625 0.40452083333333333 0.06459375 0.39133333333333337 0.065140625 0.38106249999999997 0.066796875 0.36641666666666667 0.07009375 0.35981250000000004 0.08053125 0.35981250000000004
0 0.28153125 0.6915416666666666 0.273984375 0.6861875000000001 0.268953125 0.6794791666666666 0.2669375 0.6694166666666667 0.279015625 0.6586666666666667 0.2855625 0.6546458333333334 0.28253125 0.637875 0.278515625 0.6305 0.277 0.6224375 0.274984375 0.6170625 0.27799999999999997 0.6076875 0.290078125 0.5969374999999999 0.30015625 0.5942500000000001 0.31171875 0.5942500000000001 0.322796875 0.5989583333333334 0.336890625 0.6090208333333333 0.34192187500000004 0.6204166666666667 0.34192187500000004 0.6278125 0.338390625 0.6311666666666667 0.337390625 0.639875 0.31171875 0.6586666666666667 0.30115625 0.6680625 0.28454687500000003 0.6848333333333334 0.28203125 0.6928958333333333
0 0.67140625 0.5536458333333333 0.68878125 0.5376041666666667 0.700359375 0.5358125 0.711046875 0.5494791666666666 0.70659375 0.5773958333333333 0.730203125 0.6035208333333333 0.739109375 0.6171666666666666 0.73465625 0.6361875 0.7293125 0.6308333333333334 0.687453125 0.5833333333333334 0.676765625 0.5726458333333333 0.67140625 0.5554166666666667
0 0.61634375 0.5293333333333333 0.628015625 0.5070833333333333 0.644703125 0.504875 0.65971875 0.5159791666666667 0.66721875 0.5382291666666668 0.663890625 0.5582499999999999 0.623859375 0.5604583333333333 0.6171875 0.5282083333333333
0 0.931015625 0.7829166666666667 0.91096875 0.8244791666666667 0.91765625 0.8577291666666667 0.909640625 0.8737708333333334 0.8811249999999999 0.8559583333333334 0.87890625 0.8963333333333333 0.89671875 0.9082083333333333 0.904734375 0.9188958333333334 0.9002812499999999 0.9462083333333333 0.9194375000000001 0.9972916666666667 0.9978125 0.9996666666666666 0.9995937500000001 0.8820833333333333 0.979109375 0.8565416666666666 0.98890625 0.8185416666666666 0.9751093750000001 0.7947916666666667 0.96353125 0.7864791666666666 0.9483750000000001 0.7746041666666666
0 0.396859375 0.5607708333333333 0.38509375 0.4822916666666667 0.38171875 0.35225 0.3918125 0.26929166666666665 0.41871875000000003 0.21995833333333334 0.470859375 0.17510416666666667 0.5347500000000001 0.20202083333333334 0.55325 0.25135416666666666 0.576796875 0.32758333333333334 0.58015625 0.39483333333333337 0.58184375 0.47331249999999997 0.565015625 0.5607708333333333 0.5919218749999999 0.5674791666666666 0.6793750000000001 0.5876666666666667 0.718046875 0.6257916666666666 0.792046875 0.9800416666666667 0.79540625 0.9867708333333333 0.220296875 0.9800416666666667 0.2505625 0.7625624999999999 0.27746875000000004 0.6930416666666667 0.38171875 0.6078541666666666 0.41200000000000003 0.5764583333333333
0 0.812171875 0.5824374999999999 0.8087500000000001 0.5772708333333333 0.80853125 0.5738125000000001 0.81134375 0.5717916666666666 0.8141562499999999 0.5683541666666667 0.8156718749999999 0.5670416666666667 0.81771875 0.5645 0.819921875 0.562375 0.8215312499999999 0.5648958333333333 0.821671875 0.5688541666666667 0.821671875 0.5704791666666666 0.8190937500000001 0.5722083333333334 0.81696875 0.5733125 0.8141562499999999 0.5740208333333333 0.814078125 0.5775625000000001 0.81346875 0.5801041666666666 0.812484375 0.5815208333333334
0 0.8076718749999999 0.6087916666666667 0.81953125 0.5793958333333333 0.8305624999999999 0.5624375 0.8483750000000001 0.5624375 0.86871875 0.5963541666666666 0.867015625 0.6370416666666666 0.872109375 0.6709583333333333 0.8822812499999999 0.6687083333333333 0.9000937499999999 0.70375 0.9145 0.780625 0.9229843750000001 0.802125 0.911109375 0.8213333333333334 0.91790625 0.8575208333333334 0.908578125 0.8665625 0.906875 0.856375 0.906875 0.8337708333333332 0.906875 0.8145416666666667 0.891609375 0.7964583333333334 0.877203125 0.7670625 0.895859375 0.8450833333333333 0.889921875 0.8608958333333334 0.883140625 0.85525 0.8704218750000001 0.830375 0.85515625 0.7930625 0.82546875 0.7670625 0.8186875 0.7602916666666667 0.8186875 0.7501041666666667 0.8415781250000001 0.6958333333333333 0.84921875 0.6800208333333334 0.8424375 0.6325208333333333 0.814453125 0.6178333333333333