0 0.016636636636636636 0.47962 0.0015615615615615615 0.4622 0.014984984984984986 0.45388 0.016876876876876876 0.43694 0.02816816816816817 0.44195999999999996 0.027477477477477478 0.45938 0.03336336336336336 0.46848 0.025825825825825825 0.47508 0.026066066066066065 0.47978
0 0.07078078078078077 0.49804000000000004 0.06915915915915916 0.48542 0.06591591591591592 0.47496 0.0648048048048048 0.46992 0.06534534534534535 0.46162000000000003 0.06426426426426426 0.4537 0.06861861861861862 0.45045999999999997 0.0724024024024024 0.4537 0.08267267267267267 0.46234 0.08702702702702703 0.47243999999999997 0.08810810810810811 0.49154000000000003 0.08267267267267267 0.5002
0 0.1196996996996997 0.4675 0.12054054054054054 0.45988 0.1196996996996997 0.45504 0.11495495495495496 0.44966 0.1105105105105105 0.4517 0.1063063063063063 0.45802 0.10462462462462463 0.46508 0.10714714714714714 0.46804
0 0.1555255255255255 0.46452 0.15651651651651652 0.45796 0.1584684684684685 0.45402 0.16414414414414413 0.45089999999999997 0.16438438438438438 0.44764 0.16636636636636637 0.44451999999999997 0.17324324324324325 0.4432 0.17744744744744745 0.44354000000000005 0.17891891891891892 0.44764 0.17867867867867868 0.45074000000000003 0.17891891891891892 0.45402 0.18063063063063062 0.45862 0.18063063063063062 0.46468
0 0.19930930930930932 0.4638 0.20294294294294293 0.45998 0.20414414414414417 0.45236000000000004 0.21225225225225228 0.44916 0.21828828828828828 0.45136000000000004 0.220990990990991 0.45458 0.2212912912912913 0.4614 0.21918918918918917 0.4634
0 0.039579579579579575 0.46908 0.04315315315315315 0.45932 0.04384384384384384 0.45648 0.044204204204204206 0.45504 0.04351351351351351 0.45006 0.05063063063063063 0.45006 0.053843843843843844 0.45504 0.06384384384384385 0.45956 0.059219219219219216 0.47384 0.05993993993993994 0.47787999999999997 0.05348348348348348 0.47622000000000003 0.05171171171171171 0.4705
0 0.2672072072072072 0.44945999999999997 0.2649249249249249 0.4577 0.2731831831831832 0.46198 0.2873873873873874 0.4635 0.27135135135135136 0.47542 0.2745645645645646 0.48396 0.28372372372372373 0.49556 0.29333333333333333 0.48212 0.2947147147147147 0.47631999999999997 0.2832732732732733 0.45404 0.2827927927927928 0.44702 0.2763963963963964 0.43907999999999997 0.26996996996996997 0.44 0.2672072072072072 0.44945999999999997
0 0.30447447447447445 0.45874000000000004 0.30363363363363366 0.46354 0.3080780780780781 0.46796 0.3061261261261261 0.47314 0.314984984984985 0.47534 0.3221921921921922 0.46648 0.333003003003003 0.47314 0.32801801801801805 0.46354 0.33633633633633636 0.46262000000000003 0.3352252252252252 0.45598 0.3246846846846847 0.45136000000000004 0.3266366366366366 0.44768 0.3233033033033033 0.44564 0.31915915915915916 0.44508 0.3147147147147147 0.44914 0.31582582582582586 0.45246 0.30447447447447445 0.45874000000000004
0 0.4298198198198198 0.44789999999999996 0.4386186186186186 0.45289999999999997 0.43939939939939937 0.456 0.42954954954954955 0.45480000000000004 0.4448648648648648 0.46162000000000003 0.4448648648648648 0.47444 0.4329129129129129 0.47648 0.42963963963963964 0.49060000000000004 0.43819819819819816 0.48558 0.439039039039039 0.48238 0.4448648648648648 0.48034 0.44174174174174174 0.48960000000000004 0.45483483483483483 0.49294 0.4512612612612613 0.47546 0.45054054054054055 0.45788 0.45285285285285287 0.45462 0.4432732732732733 0.45548 0.4494894894894895 0.44722 0.441981981981982 0.43633999999999995 0.43498498498498495 0.43738 0.4339639639639639 0.44514 0.4298198198198198 0.44789999999999996
0 0.13795795795795796 0.46692 0.1537837837837838 0.46598 0.15207207207207207 0.45877999999999997 0.15207207207207207 0.45586 0.15207207207207207 0.45126 0.14720720720720723 0.45074000000000003 0.14267267267267267 0.45262 0.14189189189189189 0.45544 0.13702702702702704 0.4572 0.13624624624624623 0.46076
0 0.2438138138138138 0.44630000000000003 0.2515015015015015 0.45112 0.247987987987988 0.452 0.24753753753753754 0.45958 0.24819819819819822 0.46192 0.22234234234234235 0.46177999999999997 0.2218918918918919 0.44952 0.22978978978978978 0.44351999999999997 0.22957957957957958 0.44133999999999995 0.2343843843843844 0.43695999999999996 0.24033033033033033 0.43666000000000005 0.2469069069069069 0.43914 0.2469069069069069 0.44294 0.24579579579579577 0.44498000000000004
0 0.13 0.45624000000000003 0.12924924924924924 0.46068000000000003 0.13297297297297297 0.46264 0.13 0.4666 0.12480480480480481 0.47104 0.12408408408408408 0.47054 0.12333333333333334 0.4666 0.1188888888888889 0.46956 0.12036036036036035 0.45968000000000003 0.11741741741741742 0.45426 0.11444444444444445 0.45180000000000003 0.11741741741741742 0.44883999999999996 0.12630630630630632 0.44833999999999996 0.12924924924924924 0.45180000000000003 0.13075075075075074 0.45426 0.12852852852852853 0.45574000000000003
0 0.0915915915915916 0.47116 0.10573573573573573 0.47074 0.11120120120120121 0.45104 0.10510510510510511 0.44674 0.09963963963963963 0.4476 0.09480480480480481 0.45832 0.0915915915915916 0.46088