0 0.13258 0.8377866666666667 0.14416 0.8371999999999999 0.16019999999999998 0.8407466666666666 0.16332 0.84432 0.16954 0.8615466666666666 0.18112 0.8722133333333333 0.19404 0.8710399999999999 0.19404 0.8609333333333334 0.19047999999999998 0.8502399999999999 0.18825999999999998 0.8371999999999999 0.18736000000000003 0.8253066666666667 0.17846 0.8199733333333333 0.17312 0.8176000000000001 0.16822 0.8098666666666666 0.16822 0.8033333333333333 0.16286 0.7807733333333334 0.16376 0.7576266666666667 0.16063999999999998 0.7469333333333334 0.14906 0.7486933333333333 0.14416 0.7528533333333333 0.14416 0.76 0.14016 0.76712 0.13613999999999998 0.7784 0.13124 0.7902666666666667 0.12858 0.8116533333333333 0.13348 0.8265066666666666
0 0.8802000000000001 0.7134666666666667 0.8817999999999999 0.716 0.8817999999999999 0.7215466666666667 0.88244 0.72496 0.88244 0.7287733333333334 0.88628 0.7309066666666666 0.88882 0.7330399999999999 0.89074 0.7364533333333334 0.89106 0.7419733333333334 0.89138 0.7445333333333333 0.89042 0.7466666666666667 0.8869 0.74752 0.88276 0.74752 0.8773200000000001 0.7483733333333333 0.87414 0.7496533333333334 0.87126 0.7492266666666666 0.86902 0.7462399999999999 0.8703 0.7419733333333334 0.8703 0.73816 0.8703 0.73432 0.87158 0.7313333333333333 0.87542 0.7300533333333333 0.877 0.7287733333333334 0.8773200000000001 0.7266666666666667 0.8773200000000001 0.7232533333333334 0.8773200000000001 0.7211200000000001 0.8773200000000001 0.7194133333333332
0 0.93006 0.7257333333333332 0.9286 0.7173333333333334 0.92326 0.7212 0.92132 0.7432 0.93006 0.74256 0.93298 0.7509600000000001 0.93636 0.7483733333333333 0.93152 0.72896
0 0.89944 0.7378399999999999 0.89712 0.7223999999999999 0.9026000000000001 0.70864 0.9125 0.7061066666666668 0.91274 0.7187199999999999 0.91848 0.7217066666666666 0.92022 0.75088 0.92022 0.75088 0.9217000000000001 0.76848 0.91324 0.7562133333333333 0.90106 0.7406133333333333
0 0.5455800000000001 0.7484533333333334 0.54146 0.7441333333333333 0.53706 0.7414133333333333 0.53706 0.73632 0.53588 0.7308266666666666 0.5338200000000001 0.72768 0.53058 0.7257333333333332 0.52676 0.7269066666666666 0.52618 0.7331733333333333 0.52706 0.7394400000000001 0.52442 0.7417866666666667 0.5256000000000001 0.74728 0.52736 0.7535466666666666 0.52854 0.7590399999999999 0.53088 0.7657066666666666 0.53412 0.7653066666666667 0.5379400000000001 0.7590399999999999 0.5447000000000001 0.7500266666666666
0 0.6331 0.7353333333333333 0.6365 0.7368533333333334 0.63954 0.7404 0.63916 0.7449333333333334 0.63878 0.7479733333333334 0.63954 0.75 0.64408 0.7570666666666666 0.64408 0.76008 0.64106 0.7616 0.63688 0.7621066666666667 0.6331 0.76312 0.63082 0.76312 0.62514 0.76312 0.624 0.7626133333333334 0.62514 0.7590666666666666 0.62628 0.7550399999999999 0.6270399999999999 0.75 0.62894 0.7479733333333334 0.63006 0.7424 0.6312000000000001 0.73736 0.6327200000000001 0.7363466666666667 0.63348 0.7363466666666667
0 0.8841 0.7297333333333332 0.8841 0.7238933333333333 0.8850800000000001 0.7226133333333333 0.8875 0.7129066666666666 0.8928400000000001 0.7174400000000001 0.8928400000000001 0.7252 0.89866 0.7303733333333333 0.8991399999999999 0.7394400000000001 0.89478 0.74912 0.8909 0.74848 0.89332 0.7426666666666667 0.89042 0.7342399999999999 0.8855599999999999 0.7297333333333332
0 0.60466 0.7724266666666667 0.58592 0.7705866666666668 0.58558 0.7576266666666667 0.5887 0.7469866666666667 0.59182 0.7382133333333333 0.6005 0.7368 0.60258 0.7469866666666667 0.60362 0.7650399999999999
0 0.52686 0.7704533333333333 0.50448 0.76632 0.50822 0.7481066666666667 0.51132 0.7431466666666667 0.51318 0.7307199999999999 0.5169199999999999 0.7282133333333333 0.52312 0.73568 0.52624 0.7514133333333333 0.5312 0.7671466666666666
0 0.09344 0.7674133333333333 0.09526000000000001 0.7569333333333333 0.09314 0.7541066666666667 0.09148 0.7474666666666667 0.09842000000000001 0.7454400000000001 0.10734 0.7377866666666667 0.1105 0.7392 0.11142 0.7458666666666667 0.1087 0.7526933333333333 0.109 0.7615733333333332 0.11248000000000001 0.7674133333333333 0.11066 0.77264 0.11231999999999999 0.7774666666666668 0.10612 0.7806933333333334 0.10266 0.7805066666666667 0.1013 0.7742399999999999
0 0.85082 0.7640266666666666 0.82904 0.7599733333333334 0.82772 0.7477600000000001 0.8334 0.7274133333333332 0.83776 0.71464 0.8469 0.7140533333333333 0.84822 0.7262666666666667 0.84646 0.7343999999999999 0.8534400000000001 0.7437066666666666 0.8543200000000001 0.7634666666666667