0 0.90796 0.6711733333333333 0.90684 0.6845066666666667 0.91352 0.6934133333333332 0.8935 0.70824 0.8823799999999999 0.72752 0.89016 0.7438133333333333 0.8968400000000001 0.7453066666666667 0.8957200000000001 0.7601333333333333 0.90018 0.7630933333333334 0.90796 0.80016 0.9124 0.8579733333333334 0.91796 0.8594666666666667 0.93576 0.8579733333333334 0.95578 0.8624266666666668 0.9624400000000001 0.8579733333333334 0.95578 0.8520533333333333 0.9491 0.84168 0.93686 0.8461066666666667 0.93576 0.8327733333333334 0.939316 0.8315946666666667 0.92464 0.8283333333333334 0.9224199999999999 0.8149866666666666 0.93187 0.8186933333333333 0.94576 0.8164533333333334 0.9446599999999999 0.8031200000000001 0.92798 0.8046133333333334 0.9213 0.7912533333333334 0.93631 0.7897866666666667 0.9424199999999999 0.7853333333333333 0.935308 0.7758506666666667 0.9390899999999999 0.7690266666666666 0.9343060000000001 0.7619146666666667 0.93576 0.75272 0.9324199999999999 0.7438133333333333 0.9323019999999999 0.7340426666666667 0.9413199999999999 0.7393733333333333 0.9468799999999999 0.7260266666666666 0.9391 0.7260266666666666 0.9324199999999999 0.7186133333333334 0.9424199999999999 0.71416 0.92798 0.6948799999999999 0.92352 0.6919200000000001 0.92686 0.6770933333333333 0.92464 0.6682133333333333 0.91464 0.6652266666666666 0.91018 0.66672 0.90796 0.6711733333333333
0 0.16091999999999998 0.7053066666666666 0.16 0.7097866666666667 0.1603 0.7150933333333334 0.15908 0.7187466666666666 0.15358000000000002 0.7293333333333333 0.15663999999999997 0.73056 0.16 0.7240533333333333 0.16 0.7354666666666667 0.16091999999999998 0.744 0.16274 0.7501066666666667 0.16734000000000002 0.7509333333333333 0.16519999999999999 0.7297600000000001 0.1658 0.7142666666666667 0.16244 0.7114133333333332 0.16244 0.7053066666666666
0 0.76438 0.7199733333333334 0.7641 0.71088 0.76312 0.7051466666666667 0.7628400000000001 0.6975466666666666 0.76298 0.6916266666666667 0.76576 0.6893866666666666 0.76938 0.6901333333333334 0.76966 0.6945866666666667 0.77078 0.6971733333333333 0.7709199999999999 0.7047733333333334 0.77036 0.712 0.7709199999999999 0.71368 0.77286 0.7160799999999999 0.77216 0.7194133333333332 0.77106 0.7197866666666667 0.7691 0.7164533333333334 0.76786 0.72016
0 0.74552 0.7052266666666666 0.7441599999999999 0.6954133333333332 0.7462799999999999 0.6907466666666666 0.75036 0.6894666666666667 0.7538400000000001 0.6933333333333334 0.7554 0.7005866666666667 0.7554 0.7073066666666666 0.7540399999999999 0.71504 0.7526799999999999 0.7217600000000001 0.74318 0.7207466666666666 0.7466799999999999 0.7173866666666666 0.74726 0.7122133333333333
0 0.12716 0.7398666666666667 0.12672 0.7244533333333334 0.12672 0.7170133333333333 0.12886 0.71416 0.12716 0.7073066666666666 0.12886 0.7027466666666666 0.13313999999999998 0.7096 0.13444 0.71816 0.13313999999999998 0.7358666666666667 0.13313999999999998 0.7415733333333333 0.12758 0.7415733333333333
0 0.71016 0.6959200000000001 0.7121000000000001 0.69832 0.7121000000000001 0.70016 0.7109800000000001 0.7071999999999999 0.70598 0.7055466666666667 0.70626 0.6999733333333333 0.70556 0.69776 0.7078 0.6946133333333334 0.7080599999999999 0.6923999999999999 0.7096 0.69184 0.71058 0.6944266666666667
0 0.46054 0.7002933333333333 0.46388 0.7000266666666667 0.46506000000000003 0.7018666666666666 0.46604 0.70656 0.46486 0.7076 0.46642 0.7078666666666666 0.4672 0.7091733333333333 0.46818 0.7143999999999999 0.468 0.7149333333333334 0.46642 0.7157066666666666 0.46702 0.7180533333333333 0.4674 0.7214666666666667 0.468 0.7238133333333333 0.4678 0.7266933333333333 0.46682 0.7285066666666666 0.46544 0.7258933333333333 0.46486 0.7251200000000001 0.46388 0.7238133333333333 0.4629 0.7225066666666666 0.46327999999999997 0.7287733333333334 0.46506000000000003 0.73112 0.46466 0.7348 0.4625 0.7371466666666667 0.4623 0.7348 0.46212000000000003 0.7337333333333332 0.45858 0.7293066666666667 0.45898 0.7256533333333334 0.4582 0.72328 0.45692 0.71496 0.45792 0.7089866666666667 0.45908 0.70768 0.46074 0.7067733333333334 0.46006 0.7048 0.4594 0.70368 0.4599 0.7019200000000001
0 0.71536 0.7237600000000001 0.71576 0.7138666666666666 0.7133200000000001 0.7124266666666668 0.7138 0.6995733333333333 0.71596 0.6987733333333334 0.71702 0.6993066666666667 0.71634 0.698 0.71624 0.6966933333333333 0.71712 0.6956533333333333 0.718 0.6951466666666667 0.71986 0.69552 0.72004 0.6970933333333335 0.71994 0.6985333333333333 0.71976 0.69904 0.72004 0.6994400000000001 0.72112 0.7011200000000001 0.7222999999999999 0.7030666666666666 0.72434 0.7077600000000001 0.72288 0.7102133333333333 0.72072 0.71048 0.72082 0.7246666666666667 0.71556 0.7246666666666667
0 0.4809 0.7164266666666668 0.48104 0.70936 0.48318 0.70864 0.48312 0.7054400000000001 0.48688 0.7054400000000001 0.48713999999999996 0.70856 0.48916000000000004 0.70928 0.48928 0.7162666666666667
0 0.10304 0.7250666666666666 0.10304 0.7215466666666667 0.10204 0.7200533333333333 0.10154 0.7192266666666666 0.10116 0.7173866666666666 0.10054 0.71488 0.10004 0.71288 0.1014 0.7135466666666667 0.10392 0.71456 0.10378 0.7113866666666666 0.10342 0.7100533333333333 0.10328 0.7080266666666667 0.10404000000000001 0.7065333333333333 0.10516 0.7058666666666666 0.10665999999999999 0.7060266666666667 0.10792 0.7065333333333333 0.10892 0.70936 0.10892 0.7115466666666667 0.11118 0.7133866666666666 0.11142 0.7155466666666667 0.11142 0.7182133333333333 0.1113 0.7222133333333333 0.1113 0.7235466666666667 0.10966 0.7247199999999999 0.10892 0.7263999999999999
0 0.03546 0.7026933333333333 0.03434 0.7048266666666667 0.0329 0.70848 0.032100000000000004 0.7114666666666667 0.03032 0.7159733333333334 0.0292 0.7168266666666667 0.024059999999999998 0.7191733333333333 0.027120000000000002 0.72048 0.03032 0.7202666666666667 0.03322 0.71984 0.03226 0.7301066666666667 0.03338 0.7316 0.0329 0.73632 0.03226 0.7414666666666667 0.032740000000000005 0.7429600000000001 0.037399999999999996 0.7442399999999999 0.03996 0.7444533333333334 0.04158 0.7444533333333334 0.0427 0.74232 0.04254 0.7361066666666667 0.04238 0.7333333333333333 0.04222 0.7253866666666666 0.04222 0.71896 0.04206 0.7159733333333334 0.040600000000000004 0.7103999999999999 0.03996 0.7082666666666667 0.03996 0.7046133333333334 0.03996 0.7043999999999999 0.038200000000000005 0.70184
0 0.6936 0.7093333333333334 0.68998 0.70784 0.68848 0.7030133333333333 0.6896 0.6979733333333333 0.69132 0.6961866666666666 0.6924600000000001 0.6979733333333333 0.69302 0.7022666666666667 0.6934 0.7063200000000001
0 0.455 0.7173333333333334 0.682 0.06933333333333333