0 0.5757656250000001 0.6795794392523364 0.5749375 0.6765186915887851 0.57596875 0.6719392523364486 0.577796875 0.6716355140186916 0.579640625 0.6780373831775701 0.5825 0.6838551401869158 0.582703125 0.6899532710280374 0.581890625 0.6926869158878506 0.580859375 0.6948364485981308 0.583109375 0.7030841121495327 0.58290625 0.7107009345794393 0.5794374999999999 0.7149766355140187 0.5800468750000001 0.7177336448598131 0.5814843749999999 0.7198598130841122 0.579234375 0.7217056074766355 0.576375 0.7198598130841122 0.5755625 0.7186448598130841 0.574734375 0.7149766355140187 0.576171875 0.7094859813084112 0.5757656250000001 0.7055140186915887 0.5733125 0.7000233644859813 0.571671875 0.6948364485981308 0.571890625 0.6911682242990654
0 0.5641093749999999 0.697266355140187 0.563984375 0.695981308411215 0.563984375 0.6882242990654206 0.5646093750000001 0.6869392523364486 0.56571875 0.6843691588785047 0.56571875 0.6827102803738317 0.5660937500000001 0.6758644859813083 0.566453125 0.6757009345794392 0.5685625 0.6764252336448598 0.5685625 0.6764252336448598 0.5705312499999999 0.6760514018691589 0.5705312499999999 0.6786448598130841 0.571515625 0.6836214953271027 0.57225 0.6847196261682243 0.574234375 0.6864018691588785 0.574359375 0.6867523364485981 0.573984375 0.688785046728972 0.571890625 0.6943224299065421 0.57078125 0.6945093457943925
0 0.759296875 0.8273364485981309 0.752453125 0.8261915887850467 0.7535937500000001 0.8188084112149533 0.75625 0.8148130841121496 0.755875 0.8114018691588785 0.7581562500000001 0.8091355140186915 0.75890625 0.8136915887850467 0.75890625 0.8176635514018691 0.7604375 0.8205140186915888 0.760046875 0.8250467289719626
0 0.6212500000000001 0.7156308411214953 0.618140625 0.6944158878504673 0.618140625 0.6882242990654206 0.617546875 0.6782943925233645 0.620953125 0.6729906542056076 0.62228125 0.6701168224299066 0.624203125 0.6696728971962617 0.62596875 0.671892523364486 0.625671875 0.6758644859813083 0.62803125 0.6791822429906542 0.62715625 0.6897897196261683 0.62715625 0.6957476635514018 0.6265625 0.7156308411214953 0.6216875 0.7156308411214953
0 0.55725 0.6811682242990654 0.557078125 0.6833644859813085 0.557328125 0.6848364485981309 0.557328125 0.6866588785046729 0.55659375 0.6894859813084113 0.5561875 0.6910747663551401 0.555609375 0.6939953271028036 0.555359375 0.6967056074766355 0.55340625 0.7017056074766355 0.5516875 0.7036682242990655 0.552171875 0.7112383177570094 0.5515156250000001 0.7127102803738318 0.5515156250000001 0.7127102803738318 0.554296875 0.7134345794392524 0.55659375 0.7134345794392524 0.5578125 0.7124766355140187 0.558390625 0.7051869158878504 0.559453125 0.7025 0.562640625 0.7006542056074766 0.563625 0.7004205607476635 0.56403125 0.6995560747663552 0.5646093750000001 0.6958878504672896 0.5644375 0.6928271028037383 0.5646093750000001 0.6908878504672897 0.5641093749999999 0.686588785046729 0.562796875 0.6845093457943926 0.5621562499999999 0.6813317757009346 0.5610937500000001 0.677429906542056 0.559375 0.6767056074766356 0.5580625 0.677429906542056
0 0.5205625 0.7203271028037384 0.5205625 0.7093691588785047 0.519703125 0.7029205607476636 0.5175468750000001 0.6977570093457943 0.515390625 0.6887149532710279 0.516671875 0.6854906542056074 0.517109375 0.6816121495327103 0.5175468750000001 0.6803271028037383 0.519703125 0.6771028037383178 0.52315625 0.6771028037383178 0.524453125 0.6816121495327103 0.5253125 0.6854906542056074 0.5253125 0.6867757009345794 0.5253125 0.6919392523364486 0.523578125 0.7158177570093458 0.52228125 0.7190420560747663
0 0.5325624999999999 0.7013551401869159 0.5291875 0.7049532710280374 0.52990625 0.7129205607476635 0.5289375 0.7154439252336449 0.526046875 0.7150700934579439 0.526046875 0.7096495327102804 0.5253125 0.7031542056074767 0.526765625 0.6984579439252336 0.53015625 0.693411214953271 0.530390625 0.6894158878504673 0.532078125 0.6858177570093458 0.534984375 0.6839953271028038 0.53353125 0.6807476635514019 0.536671875 0.6785747663551402 0.53715625 0.6825700934579438 0.538125 0.6858177570093458 0.545125 0.6865420560747663 0.5473125 0.6890654205607477 0.5434375 0.6923130841121495 0.5415 0.693411214953271 0.53740625 0.6959345794392524 0.5364375 0.6984579439252336 0.5364375 0.7056775700934579 0.534734375 0.7125467289719627 0.5325624999999999 0.7139953271028037 0.530390625 0.7129205607476635 0.530390625 0.7107476635514018 0.5328125 0.7089252336448598
0 0.79515625 0.7453504672897197 0.794109375 0.743411214953271 0.7928124999999999 0.7418457943925233 0.791765625 0.7375467289719626 0.7943749999999999 0.7332476635514018 0.7956875 0.7285514018691589 0.800390625 0.7336214953271029 0.802734375 0.7406542056074766 0.8029999999999999 0.7508177570093458 0.8032656250000001 0.7535747663551401 0.79778125 0.7535747663551401 0.793328125 0.7500467289719626
0 0.600703125 0.6852803738317758 0.60371875 0.6826869158878505 0.60371875 0.6826869158878505 0.6032968750000001 0.6755841121495326 0.607609375 0.6755841121495326 0.605015625 0.6826869158878505 0.6063125 0.6839719626168225 0.60803125 0.6865654205607478
0 0.675296875 0.6866588785046729 0.678796875 0.6927803738317757 0.675296875 0.6940420560747664 0.6736093750000001 0.7124532710280373 0.6835 0.713177570093458 0.684703125 0.708481308411215 0.68446875 0.6998364485981308 0.68278125 0.6927803738317757 0.684828125 0.6931542056074766 0.685078125 0.6888084112149533 0.68640625 0.6879205607476636 0.6856718749999999 0.6796261682242991 0.677828125 0.6817757009345795 0.675296875 0.6866588785046729
0 0.75675 0.6842523364485982 0.7555 0.6861214953271029 0.753015625 0.686588785046729 0.750359375 0.6849532710280375 0.750671875 0.6805373831775701 0.7520781249999999 0.6763551401869159 0.752703125 0.6740186915887851 0.752859375 0.6693691588785047 0.754875 0.6665654205607477 0.7576875000000001 0.6702803738317757 0.757375 0.6744859813084112 0.759859375 0.6789018691588785 0.759234375 0.6817056074766354 0.7565937500000001 0.6835514018691589