0 0.6969333333333334 0.65408 0.6933866666666666 0.6652 0.70464 0.67632 0.7349066666666666 0.67364 0.74616 0.66386 0.7402399999999999 0.65808 0.74616 0.65408 0.7420266666666666 0.6514 0.74616 0.65006 0.7354933333333333 0.6407200000000001 0.7390399999999999 0.62826 0.7449866666666667 0.62294 0.73728 0.6211599999999999 0.7242133333333333 0.61314 0.7147466666666666 0.61448 0.70584 0.6296 0.70168 0.6425 0.7123733333333333 0.64918 0.7133422222222222 0.65408 0.6969333333333334 0.65408
0 0.8196000000000001 0.45624000000000003 0.8265866666666667 0.4575 0.8288266666666667 0.46064 0.83496 0.46608 0.84 0.4663 0.8475199999999999 0.4644 0.8550666666666666 0.4644 0.8659733333333334 0.46336 0.86848 0.4619 0.8704266666666667 0.4621 0.8732266666666666 0.46022 0.8802133333333333 0.4619 0.8802133333333333 0.46482 0.8788 0.46712 0.8849600000000001 0.4686 0.87936 0.46986 0.8704266666666667 0.47028 0.8533866666666666 0.46986 0.8416533333333334 0.47048 0.8343999999999999 0.47006 0.8288266666666667 0.46754 0.8277066666666666 0.46336 0.8254666666666667 0.46083999999999997 0.8232266666666667 0.4598
0 0.7241866666666666 0.43724 0.7591733333333334 0.4408 0.7601066666666667 0.43512 0.7714666666666667 0.43512 0.7714666666666667 0.433 0.7610666666666666 0.433 0.7610666666666666 0.42874 0.7591733333333334 0.42874 0.7544266666666667 0.43157999999999996 0.7194666666666667 0.43157999999999996 0.7194666666666667 0.43582
0 0.11981333333333333 0.54788 0.12730666666666668 0.53704 0.13264 0.53184 0.13637333333333335 0.52462 0.14546666666666666 0.52342 0.15295999999999998 0.53064 0.15669333333333332 0.5406599999999999 0.15936 0.54186 0.17165333333333335 0.54186 0.17325333333333334 0.5454600000000001 0.17325333333333334 0.54706 0.17432 0.54948 0.17005333333333333 0.55308 0.16469333333333333 0.55428 0.14120000000000002 0.55548 0.13157333333333335 0.55668 0.12464 0.55708 0.12194666666666666 0.55268 0.11928 0.54948
0 0.5618666666666666 0.44168 0.5779733333333333 0.44188 0.5797333333333333 0.44 0.5855199999999999 0.4398 0.58376 0.44264 0.5850133333333333 0.44414 0.58928 0.44545999999999997 0.5880266666666667 0.44733999999999996 0.5603733333333333 0.44754 0.5520533333333334 0.44508 0.55584 0.44395999999999997 0.56088 0.44282
0 0.9951466666666667 0.44168 0.9807199999999999 0.44266 0.9629866666666667 0.44366 0.9551200000000001 0.4412 0.9525066666666666 0.43824 0.9597066666666666 0.43184 0.9656266666666667 0.43282 0.9728533333333333 0.43874 0.98136 0.43874 0.9931733333333334 0.43528 0.9990933333333334 0.43382 0.9997333333333333 0.43972 0.9945066666666666 0.44464 0.9898933333333333 0.44464
0 0.5078933333333333 0.4485 0.5333866666666667 0.44501999999999997 0.5380266666666667 0.4485 0.5380266666666667 0.4427 0.5395733333333333 0.43516000000000005 0.5264533333333333 0.43689999999999996 0.5133066666666667 0.44038 0.49629333333333336 0.44038
0 0.4109333333333333 0.43456 0.4103733333333333 0.43286 0.41152 0.43072000000000005 0.41464 0.42922000000000005 0.41834666666666664 0.43007999999999996 0.41919999999999996 0.43263999999999997 0.4174933333333333 0.4352 0.41578666666666664 0.43627999999999995 0.41178666666666663 0.43563999999999997 0.4112266666666667 0.43456
0 0.42656 0.431 0.4272533333333333 0.42892 0.42778666666666665 0.42736 0.4298666666666666 0.42528 0.4331466666666667 0.42528 0.4354133333333333 0.42606 0.43626666666666664 0.42813999999999997 0.4354133333333333 0.43062 0.43418666666666667 0.43139999999999995 0.4289866666666667 0.43126
0 0.3128533333333333 0.42984 0.3248533333333333 0.43068 0.33042666666666665 0.4295 0.33197333333333334 0.42918 0.32930666666666664 0.42734 0.3282133333333333 0.42566000000000004 0.32730666666666663 0.4245 0.3228533333333333 0.42434 0.3208533333333333 0.42466000000000004 0.31997333333333333 0.428
0 0.2320266666666667 0.44156 0.29704 0.43413999999999997 0.29938666666666663 0.43872000000000005 0.29373333333333335 0.44366 0.25376 0.44401999999999997 0.24245333333333333 0.44260000000000005